4.1728272
4.1930685
3.7519279
4.057844
4.040595
3.940041
3.9741895
4.1562395
3.8646288
4.4444447
4.375191
4.55361
4.56327
4.5582533
4.659668
4.5714536
4.529576
2.5
4.5962343
2.5
4.6420264
4.3292375
4.5698
4.6727667
4.5630813
3.8857143
4.5026526
4.2619047
3.9684124
4.170753
4.122838
3.9329283
4.19764
3.8691652
3.8640885
3.5066714
3.5921478
4.0
3.9803607
3.811003
3.7272727
4.7807336
4.656271
4.476979
4.8
5.0
3.9835203
4.1369524
4.18531
4.018782
4.0102563
3.8848848
4.2118263
3.25
2.5
3.8519273
3.9392512
3.8152888
4.285714
3.7142856
3.756972
4.010264
2.5
4.2711306
3.942909
3.8912692
4.025332
4.003916
2.5
4.108108
3.9322875
3.9643865
4.0687804
3.9638045
4.0292735
4.095093
3.9323843
4.078541
4.0980344
3.9730737
4.3
4.1062536
3.7943814
3.9351132
3.8219178
3.917935
4.033176
4.0170307
3.6666667
2.5
3.822751
4.2725363
4.081162
4.1523495
4.13268
4.2112193
4.2907667
3.8301888
3.7884614
4.2722163
4.2347593
4.1392794
2.5
4.3333335
2.5
2.5
4.8
4.169945
3.857143
4.3644195
4.0
3.8846154
4.443228
4.2853584
3.642857
4.3567224
4.131993
4.1053944
2.5
5.0
2.5
4.3333335
2.5
2.5
4.2564654
4.241987
4.426578
4.302291
4.274594
4.279497
4.510498
3.401952
3.9965708
3.4721725
3.6162171
4.8366365
2.7380033
4.016538
3.7874668
3.6728938
3.8212342
3.6643584
3.7662697
4.239718
3.7112017
3.5
4.0814443
2.5
2.5
3.715688
4.1375794
3.9510858
4.3
3.9089372
4.0274734
3.8906817
3.3846154
3.964148
3.7389424
4.0500255
4.025538
4.026724
4.077084
3.3
4.183828
4.112378
2.6666667
3.7770262
4.0355344
3.7894738
4.139021
4.190163
3.5882354
4.011125
2.5
4.22796
4.681818
2.5
2.5
3.759746
2.5
3.3689103
3.7077131
3.517365
2.5
3.509857
2.5
2.5
3.964469
2.4
3.5610936
4.133746
3.600002
2.9130435
3.6374042
5.0
3.9112988
3.6805356
3.2542307
3.934463
3.7364717
3.666003
3.6453772
3.5751374
3.6570818
3.5389187
3.570623
3.9395845
3.7968569
2.5
3.8089786
3.644836
3.8665948
3.9199
3.776617
2.5
3.5859537
3.445075
3.4245105
3.8653681
3.8684347
3.636407
3.3333333
2.5
2.5
3.7893016
3.5909708
3.7477477
3.8754816
3.5109503
2.5
3.8146608
3.3802993
3.4497147
3.5107033
3.6475918
3.1795437
3.3333333
2.5
3.314373
3.1133046
3.0086074
2.5
3.8372548
3.432507
2.5
3.710831
3.369748
2.5
3.367703
4.2580647
3.135539
2.5
2.5
3.447069
4.016688
4.2079988
2.5
4.060681
4.00097
3.8083382
2.5
4.292877
4.2127485
2.5
4.3990755
4.631579
4.3646264
4.383087
4.6792765
4.604741
4.548622
4.6643643
4.59784
4.5779624
5.0
4.5743995
4.544885
4.5429435
4.789626
4.8103447
4.575189
3.5
2.7142856
3.2473733
3.527589
3.596501
3.7272727
3.8354821
3.8546963
2.5
3.7584565
3.8260942
4.119334
3.8007007
3.7332182
3.7610831
3.809277
3.8400006
3.8743105
3.6227036
4.2879143
4.1363435
4.150988
3.7522442
3.8788831
3.7176445
2.5
2.5
4.211939
4.0399585
5.0
4.12766
4.219699
3.9819713
3.943889
4.189975
2.5
2.5
4.1139774
4.2252064
4.069481
4.105242
2.5
2.5
3.9208882
2.5
4.120873
3.9494236
3.8521862
3.9928954
2.5
4.055628
4.220034
4.3352
4.34206
4.2003803
2.5
3.0
4.504241
5.0
2.5
3.4363794
4.353963
4.419355
4.2788267
4.814978
3.6690018
4.1185174
4.1854515
3.8111272
3.0
2.5
4.1847825
3.825527
4.2783504
3.8
3.8
2.5
4.0
3.4173877
3.5154767
3.5095785
3.0
3.5566278
3.5588744
3.558082
2.5
2.5
4.0
3.4827585
2.5
2.5
2.5
2.5
2.5
2.5
3.2258065
2.5
2.5
2.5
2.5
3.5515375
3.4166667
3.6744187
3.6247747
3.3953488
2.5
2.5
3.4260497
3.4745097
3.432647
3.476463
3.16
3.4846587
3.583832
3.473673
3.4629343
3.3931625
3.5239625
2.5
3.66
3.468085
3.5664744
2.5
3.4394648
3.4848485
3.63
3.5294118
3.4339623
2.5
3.5817757
2.5
2.5
3.75
2.5
3.3382354
3.649656
3.6470587
3.5487466
2.5
2.5
2.5
2.5
3.4887083
3.413353
3.336981
3.581208
2.5
2.5
2.5
3.5817757
3.5817757
2.5
3.4653466
2.5
3.4444444
2.5
2.5
2.5
2.5
3.2258065
3.6394463
3.8372092
2.5
2.5
2.5
2.5
2.5
2.5
2.5
3.6146348
3.4526749
2.5
3.5552456
3.507951
3.494346
3.447619
3.4749136
3.4470236
3.4207623
2.5
3.5803893
3.5
2.5
3.642857
2.5
3.6003232
3.7288136
3.616238
3.5254147
3.4429772
3.504257
2.5
3.5095785
3.529477
3.4286308
3.4980063
3.56
2.5
3.5124688
2.5
3.5343375
3.5138543
3.6202629
3.3547843
3.5833333
2.5
3.54717
3.542373
2.5
3.091954
3.5031343
3.5934048
3.4785457
3.502224
3.5727522
2.5
2.5
3.545121
2.5
2.5
3.447619
2.5
2.5
3.3
2.5
2.5
3.4333334
2.5
2.5
2.5
3.5899043
3.5415616
2.5
3.6538987
3.5817757
2.5
3.642857
2.5
2.5
2.5
2.5
3.2048192
3.6538987
2.5
2.5
2.5
2.5
4.401761
2.5
3.6629963
2.5
3.5330205
3.6543856
3.5007668
3.586514
3.50034
2.5
3.5531743
3.5145223
3.4505093
3.4629629
3.5775938
3.5745249
3.5200324
3.56
2.5
3.63
2.4
3.6353037
2.5
3.5436242
3.589674
3.25
3.5153375
2.5
3.6666667
3.6055295
3.2801807
3.4692128
3.25
3.25
3.625
4.0577474
3.5
2.5
2.5
2.5
2.5
2.5
2.5
2.5
4.0
2.5
2.5
2.5
4.0
2.5
4.517382
4.241798
4.3855114
4.379463
4.1476274
4.370396
4.438915
4.744843
4.4528303
4.2882953
4.1052003
4.130435
4.078451
3.1836734
3.4453309
3.3
3.9700036
4.2842727
4.410772
2.5
2.5
2.5
2.5
2.5
5.0
2.5
2.5
4.297856
4.237288
4.5798044
4.6666665
4.2512727
4.2200837
4.3333335
5.0
2.5
4.338105
2.5
2.5
2.5
2.5
2.5
2.5
4.5
2.5
2.5
4.611287
2.5
2.5
2.5
4.714286
4.5
2.5
4.6666665
2.5
3.8
4.4615383
3.3333333
2.5
2.5
2.5
2.5
4.4274654
2.5
2.5
2.5
2.5
2.5
4.0434785
4.5375633
5.0
2.5
4.4829974
2.5
5.0
3.9311213
2.5
4.5909944
2.5
2.5
4.6666665
2.5
4.5876937
4.6667905
4.581003
4.585366
4.715933
4.4567404
2.5
4.5866237
4.6006436
4.528034
4.8333335
4.678895
4.534544
4.6082473
4.5625615
5.0
4.5048094
4.6
4.470588
4.7058825
2.5
2.5
2.5
2.5
4.678571
2.5
4.570747
4.6898026
4.5740743
5.0
2.5
2.5
2.5
5.0
4.678571
4.528535
4.5725937
4.53779
4.5498257
4.3913045
2.5
4.534093
4.6666665
4.5424204
4.642693
4.5515447
4.654321
2.5
2.5
2.5
4.583012
4.4375
4.6223774
4.6016736
4.253941
4.62141
4.6120872
2.5
4.0121264
4.214629
4.312758
4.513793
4.139017
4.490196
4.8333335
2.5
4.629699
4.5272503
4.473854
4.6704855
4.4441004
3.4054055
4.49635
4.3167706
4.5238094
4.53155
4.428899
4.6654563
4.467755
4.4206896
2.5
2.5
2.5
2.5
4.487805
4.563553
4.0
4.57728
2.5
2.5
4.6468005
4.5438237
4.532882
4.343227
4.7669854
4.50379
4.5731153
4.423841
4.4720526
4.602553
4.5779815
3.6666667
4.4120493
4.6240497
3.9340816
4.437722
4.530233
2.5
4.3671184
4.458677
4.5644894
4.38554
2.5
4.381116
4.7619047
4.47499
4.181134
4.8327303
4.6608577
4.561889
4.6215754
4.390687
4.8170733
4.3084493
4.533583
4.4630084
4.4831805
4.5168595
4.5102167
4.3333335
4.818182
4.4
4.508437
4.6501
4.7036653
4.419447
4.4388423
4.503185
4.462069
4.44
4.582298
4.5779815
4.4951563
2.5
4.258585
2.5
4.5868263
4.514913
4.820856
4.629699
4.5474653
4.579422
4.571429
4.376
2.5
4.571429
4.5019946
4.0913897
4.1222982
4.5456247
4.596365
4.5151
4.4145856
4.4738307
4.4581404
2.5
2.5
2.5
4.416272
4.521739
4.0
3.0465117
3.2418118
3.2849257
3.3333333
3.7703362
3.3852017
3.4761636
3.99767
4.023319
2.5
2.5
4.3992763
2.5
4.142857
4.177701
4.2459717
4.2459717
4.2043705
4.284762
4.2727275
4.074155
4.201752
3.9249506
4.428571
3.8965516
4.0746922
4.111111
4.000427
3.931137
4.2509217
4.0674458
3.7029414
3.7350888
3.78979
3.9306357
3.7947004
3.625
3.8612657
3.8950074
2.5
4.529412
3.8615901
4.0050173
4.8581004
3.1193428
2.4326684
2.518533
3.517444
3.8068056
2.5
3.9299994
3.895445
4.21843
2.4545455
3.244598
3.4922793
3.422163
3.460365
2.5
2.5
2.5
3.9749794
4.1968255
4.0790553
4.18588
3.1290586
3.2372022
3.4371967
3.4752276
3.56367
3.8249245
3.461064
3.964729
3.9939916
4.0791492
2.5
3.949136
3.570383
2.848182
4.09879
3.6666667
4.22623
4.0516663
4.1431537
4.008021
2.5
4.171718
4.2405148
4.11339
2.5
4.5
4.5302253
4.1314363
4.4898915
4.6082296
3.9556217
3.7133758
3.8956618
3.6730666
4.001872
2.6
3.7558084
3.6645973
2.5
2.5
2.5
2.5
2.5
2.5
4.75
4.7777777
2.5
5.0
2.5
2.5
2.5
4.451756
2.5
5.0
2.5
2.5
4.5027895
2.5
5.0
2.5
2.5
2.5
2.5
4.6666665
2.5
2.5
2.5
2.5
3.6968813
3.6666667
2.5
2.5
2.5
2.5
2.5
3.8246489
2.5
3.841468
2.5
4.132219
4.0720305
4.181818
4.1416454
4.4
4.0
4.2419777
4.1247506
4.071116
4.3103447
4.0
4.141648
4.0403666
4.114061
4.0913954
4.8235292
2.5
4.4046283
4.8
2.5
2.5
4.7191534
5.0
2.5
2.5
2.5
2.5
2.5
2.5
4.869565
2.5
2.9593027
2.7197108
3.1514475
1.84375
1.6660808
2.5
2.5
2.2631578
2.2629392
2.5
2.5
2.4099038
2.0710256
2.5
2.5329154
2.2483425
2.2265885
2.1582658
2.5
2.203252
2.5072665
2.5
2.5
2.3888888
2.4871347
1.9722222
2.1670594
2.3750372
1.9278587
2.4250247
2.8376555
2.1864798
2.5
2.4988334
2.4157188
3.3710074
2.6150067
2.5
2.228975
2.3216462
2.392857
3.0
2.373913
2.3516884
3.334171
2.3625891
2.5
2.5
2.1757696
2.541501
2.5
2.502858
2.515625
2.2933333
2.7886977
2.1882977
2.5377946
2.5
2.3782837
2.1619623
2.5
2.5
2.125
2.3740973
2.3333333
2.2258883
2.4207706
2.5
2.1904762
2.5
2.625
2.5
4.25
3.3725226
4.090884
4.5833335
4.4055076
2.5
4.1286116
3.7704096
4.455786
3.9810948
4.6666665
3.7237194
2.5
3.8924298
3.7074788
4.2189503
3.326727
2.5
2.5
2.5
2.5
2.5
2.5
2.5
2.5
2.5
1.5902982
2.5
2.5
2.5
2.5
2.5
2.5
2.5
2.5
2.891892
2.6082358
2.6734846
2.3900492
2.5
2.0
2.5
2.4285715
2.5
2.5
2.5
2.5
4.782657
2.5
3.2626748
3.5464666
3.8249161
3.25
3.368886
3.1726987
2.5
3.4000258
3.440878
3.2521741
3.4885406
3.5507627
3.4117646
3.40793
3.4535844
3.3997471
3.2059577
3.6216216
3.7819905
3.3524919
3.5917718
2.5
3.4047353
3.359702
3.385627
3.3907423
3.3743162
2.5
3.3783784
2.5
3.3190477
4.7301407
4.5
2.5
2.5
2.5
2.5
2.5
2.5
2.5
2.5
2.5
2.5
3.0
3.0
2.5
4.2
3.547619
2.5
2.5
2.5
2.5
2.5
2.5
2.5
2.5
2.5
2.5
2.5
2.5
2.5
2.5
4.0
2.5
2.5
3.9473684
2.5
2.5
2.5
2.8670886
3.7648513
2.5
2.5
2.5
2.5
3.4444444
2.5
2.5
2.5
2.5
2.5
2.5
2.5
2.5
2.5
2.5
2.5
3.0211725
2.5
2.5
2.5
2.5
2.5
2.5
3.535396
2.5
2.5
2.5
2.5
4.4615383
2.5
2.5
2.5
2.5
2.5
2.5
2.5
2.5
2.5
2.5
2.5
2.5
2.5
2.5
2.5
2.5
2.5
2.5
2.5
2.5
2.5
3.5
2.5
2.5
2.5
2.5
2.5
3.0
3.7
2.5
2.5
2.5
2.5
2.5
2.5
2.5
3.3285713
2.5
2.5
2.5
2.5
2.5
2.5
2.5
2.5
2.5
3.7777777
2.5
2.5
2.5
2.5
2.785185
2.5
2.5
2.5
2.5
2.5
2.5
2.5
2.5
2.5
2.5
2.5
2.5
2.5
2.5
2.5
2.5
2.5
2.5
2.5
2.5
2.5
2.5
2.5
4.783419
4.279973
4.5283637
4.3903894
4.500797
4.2947154
2.5
5.0
2.5
2.5
2.5
2.5
2.5
4.24249
4.1688423
3.7375784
4.4368534
4.1767592
4.1652637
4.2974606
4.2605166
2.5
4.680005
4.64166
4.5276203
4.5669284
4.6912017
4.667184
4.746616
4.5702763
2.5
4.4785805
4.783624
4.8417
4.5845027
5.0
4.601127
4.4702187
4.366555
4.5454545
4.2222223
4.3125
2.5
4.263651
4.5227113
4.266667
4.6511626
4.5
4.4545455
4.28804
2.5
2.5
2.5
3.968955
2.5
2.5
5.0
3.2
3.9162223
5.0
2.5
2.5
2.5
2.5
2.5
4.5
5.0
2.5
5.0
3.5706317
3.7901206
3.6897926
3.385246
3.4870253
3.6287425
3.942687
2.5
3.6552494
3.7494476
3.6998918
3.7468407
3.7683806
3.5
3.7928813
3.6043267
3.1875
3.8132095
2.5
2.5
2.5
3.321976
4.0
2.5
2.5
2.5
2.5
2.5
2.5
2.5
2.5
2.5
2.5
2.5
2.5
4.769231
2.5
2.5
2.5
1.8
4.296266
5.0
2.5
2.5
2.5
2.5
2.5
2.5
3.65924
2.5
2.5
2.5
3.9188724
4.62069
2.5
3.84
2.5
4.4
2.5
2.5
2.5
2.5
2.5
2.5
2.5
2.5
4.6
2.5
4.647341
4.1568127
2.5
4.275673
3.9451346
4.253147
2.5
3.998187
4.1999564
4.6
4.428571
4.3780475
4.5454545
4.5
2.5
4.9444447
5.0
2.5
2.5
4.76
5.0
2.5
3.827116
4.1489105
4.133333
3.6666667
3.8869581
3.9847567
2.5
4.451613
2.5
2.5
1.8571428
4.0
3.9541576
4.6315894
4.607157
4.465886
4.1224895
4.4630094
3.7738812
3.95251
3.1723733
4.257201
4.0909925
3.8888888
3.75
2.5
3.9663572
3.9
2.5
3.3065054
4.4298925
4.0
3.9072204
3.6246028
3.4445927
2.7420068
3.9670045
3.7901897
2.5
3.4415047
3.8
3.6570146
3.2008998
4.0567603
4.0
2.5
4.5400276
3.2968628
3.5078373
3.6859145
3.7562382
3.4912724
3.1831276
3.3506494
3.106923
3.3133874
3.4529386
4.079873
4.0711036
4.273765
4.039239
4.4847164
4.2059765
2.5
2.5
4.167052
4.0024695
4.0062804
4.640848
3.9202976
3.7243443
3.8191624
3.9390206
3.9088974
3.4579203
3.8285713
3.0
3.9284008
3.7258065
3.6466305
3.7261324
3.3333333
3.8181465
3.7666166
3.7666166
4.0
3.7718582
3.590346
3.4854622
3.3638933
3.4615386
3.7975156
3.7833333
3.7208662
3.3262715
2.5
3.6532872
2.5
3.7713041
3.8342566
4.1182575
3.8980858
3.6571429
2.5
3.6395628
3.6162696
3.5656521
3.6885245
3.619595
3.5881937
3.4517183
3.3773584
3.3791206
4.0345874
2.5
3.7551756
3.96243
2.5
2.5
2.5
3.9719388
3.8877006
3.2537766
3.9725323
2.5
3.4662483
2.5
3.9433963
3.1818182
3.2676213
4.181477
4.285714
3.7320392
2.9268293
4.081242
3.7046263
4.05082
3.8207989
4.035176
3.9940653
4.0856266
3.8618171
3.2927797
3.3222291
3.6838803
3.287406
3.6598022
2.5
3.5869026
3.5733297
3.4862168
3.2979815
3.7595103
3.678269
3.259224
3.4298756
3.7761157
2.5
3.8497684
4.1175203
3.7256844
3.6664176
3.4882386
3.979381
3.8905108
4.818182
3.7419012
3.9514592
2.5
4.449959
4.124711
3.548913
3.9343858
2.235294
4.1764646
3.816028
3.805286
3.9209933
4.244898
3.8995998
3.8644035
2.5
3.8031864
3.805305
3.940328
3.7958229
4.0466685
4.3076925
4.038363
4.327092
3.600363
3.982143
4.3333335
3.0939598
4.188244
4.1563244
3.6249743
3.9021266
4.0533867
3.9440887
3.9410443
3.4979043
3.87695
3.7067056
3.7670329
3.790061
3.8585794
3.6874166
3.5466642
3.702997
3.7921748
2.5
2.5
2.5
4.1894517
4.1273513
4.078118
3.9916434
3.6642087
3.6665018
4.249336
3.738386
3.94628
4.0093327
3.8651707
4.2916594
4.201185
3.9879098
3.744888
3.629764
3.8449337
4.571429
4.9469776
4.8908954
5.0
5.0
5.0
5.0
4.9503846
4.888192
4.9159822
2.5
2.5
4.0
4.1701584
4.1249776
2.5
2.5
4.2842107
4.184125
4.357143
4.24643
4.1510153
2.5
4.0666633
4.109774
3.858167
3.764563
3.9915414
4.7105265
3.7830222
4.29567
4.2787757
4.287697
2.5
4.3784513
2.5
4.173681
4.212578
4.212578
4.274363
3.691675
3.7514346
3.8221314
4.0
4.2119055
4.3741484
4.285714
3.014
2.5
3.5128832
2.5
3.5670702
2.5
3.7301853
3.9223523
2.5
2.5
2.5
3.1102679
4.571429
2.3333333
3.25
3.447786
3.1523137
3.343128
2.5
3.0950022
3.8
4.0
2.5
2.5
2.5
3.2695854
2.5
2.5
3.9
3.3497665
2.5
3.5
3.6046512
3.227651
3.4796228
3.6199632
3.303635
3.6614444
3.5967555
2.5
3.1018016
3.5856912
2.5
4.77477
4.9124403
4.5268674
4.795395
4.827148
4.9219203
4.8000307
2.5
2.5
5.0
4.5901637
5.0
4.030823
3.9857543
4.0083485
4.608978
4.7653246
4.0299997
3.0837228
3.7540572
3.1763544
3.1810038
3.9094913
3.9604526
3.994459
2.5
3.9380317
2.7699597
3.554575
3.2380288
3.1078472
3.252427
2.5
3.38597
3.7426233
3.3788695
3.3950756
3.56936
2.971633
3.279599
2.5
3.7280703
3.3288155
2.5
3.577289
3.4619558
3.3458803
3.6027398
3.576022
3.2881253
3.4537818
3.0942037
3.2547266
3.1111112
3.494801
3.2674272
3.3779123
3.0152671
3.3875566
3.5
2.8
3.1534808
3.3986585
3.466178
3.2307692
3.4462185
3.0588236
2.5
2.7222223
3.2983212
3.4095907
3.4908423
2.976076
3.4577174
3.375996
3.6045108
2.5
3.243582
2.5
3.4063795
2.5
2.5
2.5
2.5
2.5
2.5
2.5
2.5
2.5
2.5
3.55132
4.285657
4.5
2.5
3.329377
2.5
3.1176472
4.0300517
4.0588236
4.1968203
4.7819347
4.5319147
2.5
2.5
4.430464
3.7841399
4.3333335
2.5
3.613039
4.5413585
4.6
2.5
4.27135
4.8536024
4.883245
2.5
2.5
2.5
4.825237
2.5
2.5
2.5
4.5801663
2.5
2.5
2.5
2.5
2.5
4.4
5.0
2.5
5.0
4.3333335
4.3333335
4.3333335
4.5413585
2.5
2.5
2.5
2.5
2.5
2.5
2.5
2.5
2.5
4.5413585
2.5
2.5
2.5
4.6584663
4.5974975
2.5
4.635557
2.5
2.5
4.620209
2.5
5.0
2.5
3.7030003
3.5652175
3.4982054
2.5
3.658494
3.5
4.031341
2.5
2.5
2.5
4.6
4.68786
4.4711504
4.6229086
4.509536
4.473872
4.502907
4.6600246
4.362133
4.544841
3.8529413
3.96063
4.272414
4.026735
4.425622
3.595471
4.5
2.5
3.2842624
4.1104975
3.8366702
2.5
4.0
3.5921986
2.5
2.5
4.090475
4.2230754
3.7358491
4.2237387
3.9831347
4.581731
2.5
3.7035255
4.4201827
3.8185534
3.607717
3.413793
3.961143
4.073955
3.8888888
2.5
3.7906609
4.026412
3.6790285
3.8509367
2.5
4.433568
4.403042
3.8267927
2.5
4.001414
3.9645877
4.03199
3.5744681
3.511111
4.04
3.7418716
3.6617749
3.7126477
2.5
3.6947196
2.5
2.5
2.5
4.025
2.5
4.0072317
4.1517076
4.0919876
3.9676344
4.22139
4.0407414
4.0340395
4.3705707
4.1794806
3.9463289
4.4858685
4.0158615
4.0773115
3.68852
4.2082705
3.7336266
3.925
2.5
4.140157
2.5
2.5
3.92154
3.6146789
3.6009874
3.906422
3.9800012
4.1769233
2.5
4.0564547
3.7567568
3.645581
3.8720577
3.7196944
3.8419967
4.223058
4.0732656
2.5
3.9408298
2.5
4.0
3.87165
2.5
3.4226804
2.5
4.1870103
4.1316752
2.5
3.5850353
3.526387
2.5
3.6359963
3.9979296
4.0066013
3.6515064
3.6666667
3.8412805
3.6901608
4.142857
4.1813374
4.4324327
2.5
4.2391133
4.441622
4.4527035
4.1210165
3.8684525
4.322803
4.0
2.5
4.1245112
4.4950495
3.8769822
4.332903
2.5
2.5
2.5
3.6384182
3.7
4.25
4.3563604
4.168889
3.8708668
2.5
4.0267754
4.483116
3.6935585
4.34743
3.8602421
3.884138
2.5
3.7250926
3.7146666
3.7958817
3.8311555
3.8869226
2.5
3.2222223
3.7516363
2.5
3.5949366
3.884
4.004276
3.6846275
2.5
2.5
4.5333333
4.161502
3.8861296
2.5
4.2950325
4.2514114
4.247262
4.113924
4.1157956
4.3671613
4.0080986
4.1288857
3.9698756
3.7794104
3.5061538
3.9166667
4.0
4.0264044
4.8
4.470848
4.232895
3.9558609
3.7567108
3.9520457
3.7819104
4.4031467
2.5
3.6228998
3.6474454
3.792654
2.5
3.7216573
3.9589188
2.5
4.0160027
3.8
4.196132
4.2
3.6597939
2.5
2.5
2.5
3.180328
2.5
3.7231925
2.5
2.5
2.5
3.2007797
2.5
2.5
2.5
4.375
4.1914215
4.087248
4.1945024
2.5
4.25
3.0882373
3.6734293
3.9795945
3.963781
3.5834863
3.7741108
2.5
3.7992585
4.01249
3.9595642
3.5974133
3.7091324
4.012801
3.7828944
3.5788383
3.1760564
3.590072
3.6827457
2.5
3.9345548
3.6517856
3.4437766
4.0917616
4.323741
3.2727273
3.3611386
3.350207
3.2231307
3.6960075
3.938945
2.5
3.597174
3.5586765
2.7829175
2.5
4.9178524
4.1678014
4.205005
4.3597116
4.5774
5.0
2.5
2.5
3.5
4.3333335
3.590881
2.5
2.5
4.362539
4.0
3.8106701
4.270669
4.3345737
4.3333335
5.0
4.6
4.3237185
2.5
4.0
3.8387096
2.5
2.5
4.3250856
2.5
2.5
3.8079023
4.3298674
2.5
4.0
2.5
2.5
2.5
2.5
2.5
4.5116277
3.5
2.5
4.5
2.5
2.5
4.6
2.5
2.5
2.5
2.5
2.5
3.8181818
3.9825895
3.9871566
2.5
2.5
4.0619564
3.7895682
3.8045032
4.440917
4.440917
4.772009
4.6895595
4.8933344
4.3318906
4.669478
4.641326
4.7309976
4.7309976
2.5
4.729652
4.5848074
4.6539807
4.9109187
4.6623716
4.552105
2.5
2.5
4.8189483
2.5
4.6369934
4.717101
4.7098083
2.5
4.6148987
4.670064
4.6468525
4.6981683
4.6370263
4.4820585
4.566349
4.034869
2.5
3.864676
3.4868264
3.6682982
4.1781774
4.0
4.2362056
4.7837095
2.5
4.714286
2.5
2.5
4.3333335
2.5
3.0
4.080383
2.5
4.75
2.5
2.5
3.9705882
2.5
2.5
2.5
3.9657347
4.1436195
4.872453
4.3333335
4.1666665
4.3641443
4.5500097
5.0
4.2883077
4.201392
4.5504
4.3726716
2.5
4.0672307
4.1365333
4.2893286
4.3254867
4.3638926
4.015629
4.7532954
4.613601
4.878061
3.483622
4.617707
2.5
2.3333333
2.5
2.5
3.6770177
4.451613
4.0923276
3.6666093
4.185427
4.3107004
2.5
4.045455
3.8597271
4.138466
4.0347214
2.5
3.6156163
3.8018374
3.9140944
3.9049323
4.0
3.8541667
4.431482
3.880381
3.827219
3.97559
2.5
4.007586
4.004527
4.1812367
3.9733548
4.0
4.1547976
4.5840673
4.725491
4.7
4.8543305
4.6469436
4.540326
4.683493
4.6666665
4.75
5.0
4.72033
4.4075923
4.519791
4.4780645
4.5142493
4.64615
4.4964943
4.516014
4.7483144
4.472187
4.316646
4.3742995
4.5381083
4.6805716
5.0
4.576037
4.6063437
4.884744
4.825813
4.5358615
4.7822747
4.526911
4.740472
4.9016685
4.620988
5.0
4.7048244
4.6409693
4.688195
4.842761
4.785714
4.3333335
3.1517737
2.773122
2.7582517
2.99055
2.5
2.38
2.2400632
4.7648087
4.683164
2.5
2.5
4.6800075
4.2702703
2.722301
4.016733
3.7661195
4.0339637
2.5
4.718239
5.0
4.8477874
4.7424393
5.0
4.7061653
4.653112
5.0
4.323429
4.3117
4.270477
3.7757022
3.8823528
4.0245104
4.233627
2.5
2.5
4.257597
3.7891958
5.0
5.0
2.5
2.5
2.5
4.2044077
4.297317
4.4817348
4.6711025
4.357143
3.6729023
2.6118572
3.0
4.322755
2.5
2.5
2.5
5.0
4.882353
2.5
5.0
2.5
4.5330753
4.833995
4.714286
4.752877
4.8516903
4.6
2.5
4.859292
4.7420173
4.5
4.6120048
3.6528108
4.0339084
4.3404255
2.5
3.8440974
2.5
2.5
4.1862593
2.5
4.2125516
3.9897866
3.9872828
3.9132268
2.5
3.85188
4.022829
3.625
4.4
3.7531176
2.5
4.21939
2.5
4.4
2.5
4.0
2.5
2.5
2.5
4.0
4.0165215
4.6
4.1523724
4.0
3.924276
4.0
4.0
2.5
3.7921348
3.9565203
4.085205
3.9732804
3.9343758
4.4444447
4.7165523
4.828091
4.83967
4.5827837
4.764915
4.7608447
2.5
2.5
2.5
2.5
2.5
4.6043253
4.0
3.7520194
4.328511
4.0004916
2.5
4.521739
4.07626
3.8641942
3.8379898
3.5624964
3.6392245
3.5580916
3.388299
3.4082189
2.7679944
3.7820494
3.643483
2.5
3.8125598
3.578384
3.4579318
3.2834713
3.687055
4.440174
4.3483963
4.3538895
2.5
3.25
3.6413183
3.830435
2.5
2.5
2.5
2.5
2.5
4.1547008
4.377237
4.0874166
3.771624
4.1345105
4.647059
4.5488133
2.5
4.4666667
4.3470016
4.354738
4.5312657
4.4524894
4.4767923
4.642857
4.020996
4.3333335
4.380548
2.5
2.5
5.0
4.6
4.6
4.529412
3.930021
2.5
4.6603775
4.529412
2.5
4.724138
2.5
2.5
2.5
2.5
2.5
2.5
2.5
4.653663
2.5
4.0201826
2.5
2.5
4.631604
3.8327842
4.321344
2.5
4.086237
3.958544
4.340355
4.1723204
2.5
4.180155
3.8679729
2.5
4.3058276
4.6
2.5
2.5
2.5
4.3867297
4.747802
5.0
4.7821784
4.5
2.5
4.5
4.5680475
4.3728733
4.4712043
4.2352943
3.824758
4.275
4.072019
4.37931
4.5718966
3.2245235
3.919756
4.2005177
4.0728245
4.271272
4.029657
2.5
3.5714285
3.6
2.5
2.5
4.5
3.5672345
3.8486779
3.2777548
3.6566586
3.8407488
3.9705882
4.678571
2.5
3.9393578
2.5
2.5
2.5
3.933085
4.4295993
3.7466676
4.396917
4.1717033
3.8965516
4.1964493
2.5
4.029851
4.308219
4.3414636
4.047059
4.37931
4.1452484
4.0599055
4.1971498
4.0223155
2.5
4.0675106
2.5
4.012346
4.3076925
2.5
2.5
4.3076925
3.9394155
2.5
2.5
4.1702127
2.5
4.1768403
3.8965516
4.057077
4.026252
2.5
4.1287203
2.5
2.5
4.2764115
4.0443945
4.0477943
3.8801653
4.0666666
4.027081
2.5
4.1905384
4.2006
4.3861184
4.0919757
4.2465754
2.5
4.1358023
2.6666667
4.0067964
2.5
2.5
2.5
3.7501752
2.5
3.6627703
2.5
3.3015873
3.5183187
3.7978115
3.4784994
3.5191927
3.7253568
2.5
3.8461633
4.4637995
3.28
3.664365
3.3658535
3.6938775
3.5159247
3.9859834
4.3333335
3.6530392
3.6538463
3.25
3.55384
3.7157502
4.25
3.860465
2.5
2.5
4.352941
2.75
4.3219824
4.124449
4.580645
3.8809044
2.5
4.0
2.5
4.0
3.168259
2.5
2.5
2.5
2.5
2.5
2.5
2.5
2.5
2.5
2.5
2.5
2.5
2.5
2.5
2.5
4.8976965
4.8408136
4.839312
4.945536
4.748552
2.5
2.5
3.3814871
2.5
3.6458395
3.5379605
3.048409
3.8483152
3.9120786
3.7024012
3.815226
3.8565013
3.7755105
4.1209397
2.5
4.289594
4.126437
3.8604627
5.0
4.4797587
4.714286
4.464548
4.364731
3.9569168
4.7641635
2.5
4.571429
5.0
2.5
4.797834
4.8443236
2.5
4.788033
4.898356
2.5
4.8748903
4.8461537
4.876738
4.806452
4.7063317
4.5384617
4.90625
4.879119
4.7079225
2.5
3.0016642
3.3760154
3.2682812
3.1183012
3.1574297
4.0
3.0676675
2.5
2.5
2.5
2.5
2.5
2.5
4.131166
4.4486833
4.154411
4.0
5.0
5.0
5.0
5.0
2.5
4.8084774
5.0
2.5
2.5
5.0
2.5
2.5
2.5
2.5
4.6524005
4.7894735
4.7022653
4.7160172
2.5
2.5
4.6694493
5.0
5.0
4.645896
4.5281057
4.2058825
3.6478536
4.2045455
3.962353
2.5
4.7891493
4.184391
2.5
2.5
4.1562986
3.6666667
4.318471
4.7504425
4.3917823
4.6065307
4.529384
5.0
4.410363
5.0
4.5073056
4.5765553
4.6666665
4.1666665
4.5895934
5.0
4.370048
4.3256555
4.2751966
4.369393
4.4038754
2.5
4.4269795
4.478469
4.0
2.5
2.5
2.5
2.5
4.365349
2.5
4.285429
4.302275
4.0794644
4.083915
3.8
3.5649636
2.5
3.629716
4.2792406
4.6172338
2.5
4.704603
4.8426323
4.5247498
4.6923075
3.989615
3.806459
4.0291357
3.964522
3.540541
3.699406
2.5
4.0389924
3.3237581
3.6210077
3.909091
2.5
3.5972197
2.5
4.3059077
4.129715
2.5
3.8643708
4.101695
2.5
3.9856234
3.7475648
2.5
2.5
2.5
3.8503504
3.7976847
2.5
3.9795918
2.5
3.8630729
4.0851064
3.4683545
2.5
2.5
3.8694198
3.6666667
2.5
2.5
4.033093
2.5
3.3333333
4.048284
2.5
2.5
2.5
3.9566915
4.0203238
3.8497777
4.004062
3.881423
4.189189
2.5
4.198041
2.5
3.625
2.5
4.5454545
3.900576
2.5
2.5
3.9880419
3.9068727
3.9690073
2.5
2.5
2.5
2.5
3.5752697
2.5
2.5
4.0497403
3.9300427
3.9228082
4.2
3.5383134
3.988588
3.917776
3.9411764
4.0164614
3.874461
2.5
3.8950648
3.947264
3.8970587
2.5
4.000776
3.4817898
3.9120047
3.8947377
3.9168193
3.9167142
3.966373
3.9679189
3.9380858
2.5
3.9203923
3.806624
3.9492395
2.5
2.5
3.7560692
4.1374454
2.5
4.638889
3.9043696
2.5
3.9321003
2.5
3.8978322
3.9860873
3.821505
3.986422
3.8601382
3.8278167
4.483871
3.8994448
3.9373972
4.145749
3.8959537
3.8819907
2.5
2.5
4.214286
2.5
4.116517
2.5
2.5
2.5
2.5
2.5
2.5
4.0
4.5
4.407262
4.0267987
3.6666667
4.074725
3.925
3.8512065
4.0586944
2.5
3.9241128
2.5
2.5
3.901274
3.8740642
2.5
4.18902
4.189394
3.8154292
3.8206775
3.82516
3.6633327
3.9602597
3.7434926
3.8830905
3.8895104
3.976314
3.9464498
3.8597436
3.9229376
3.8922474
4.004845
3.8850682
2.5
2.5
2.5
2.5
2.5
3.779857
4.2222223
2.5
4.035971
3.9810185
3.9152837
2.5
3.8661106
4.057771
2.5
3.8995814
2.5
3.8879247
4.2164545
3.9929338
4.0738497
3.9142344
3.8327188
2.5
4.240896
2.5
3.6392891
4.088457
3.9709852
4.168141
4.428331
3.9380226
5.0
3.7419355
3.6051574
3.8
4.1042347
3.9200313
4.0434785
3.611808
4.75
4.1361737
4.1196113
4.241028
4.2614965
4.3607473
4.311572
3.919648
4.598998
4.346598
4.321239
4.12828
4.271935
3.9740906
4.0101104
3.9610431
4.154004
3.4894114
2.5
3.9550579
4.297903
4.714286
4.4456043
4.2914667
4.4282737
4.214935
4.428571
4.5012264
4.455424
4.261431
4.4092593
4.361803
4.3242106
4.382169
4.597385
4.3583956
4.3583956
4.110627
3.7181332
4.018707
3.9386914
4.0658746
4.119402
3.8223293
3.9641924
4.3146033
2.5
4.0259104
3.7878537
4.3944798
3.6671987
4.1363635
3.5934124
3.8294382
3.6297565
3.9094417
2.5
3.553227
3.7251723
3.4476073
3.9338815
2.5
4.2201204
3.9805822
3.9524558
4.1912274
3.7563589
3.8297355
3.7610312
4.007463
3.7764492
4.0
4.4344826
3.9683995
3.6705554
3.1654382
3.8462174
3.2645843
4.065722
3.4584777
3.585341
3.888329
3.6600626
4.2895207
4.2487936
4.1204753
4.1465745
4.310142
4.1396894
4.178408
4.140143
4.1789436
4.432033
4.2210493
4.215893
4.136238
4.273048
4.1246924
4.3343906
3.970202
4.0902433
4.2
2.5
5.0
4.8333335
2.5
2.5
2.5
2.5
4.763322
3.9665275
4.591909
4.2595243
4.4219427
4.5
2.5
2.5
2.5
4.571429
5.0
4.9045053
4.067502
2.5
3.630602
3.2583947
3.4285715
2.5
4.4
4.3535533
4.294324
4.0
4.1804686
2.5
2.5
4.111111
3.7272727
3.8875933
2.5
2.5
3.7994788
3.3478017
2.5
2.5
3.196622
4.6819835
4.0
2.5
4.2792406
4.480079
4.4347343
3.5646229
3.9805248
3.6247163
3.6048248
2.5
3.857143
2.5
4.1599956
4.2927074
5.0
4.25
4.0570097
5.0
4.0194597
3.9676652
4.1800694
3.8098786
2.6666667
2.5
4.25
4.1666665
4.7418013
4.5555553
2.5
2.5
4.369398
3.9085684
4.385079
4.25
4.0
4.714286
4.258557
4.285714
2.5
3.9239702
4.404898
3.8095238
4.185185
2.5
2.5
2.363961
2.5
2.5
1.75
2.5
2.0
4.3345027
2.5
4.147913
4.196083
4.0
2.5
3.812101
4.305173
4.3797336
2.5
2.5
2.5
4.0790086
4.3393903
4.2346644
4.352941
2.5
2.5
4.4591637
2.5
2.5
4.3935976
3.860787
4.5
3.0
2.5
2.5
2.5
1.3748198
1.6195809
2.4842243
3.7857144
3.0
3.2343597
3.2198713
2.6666667
2.5
3.8986738
3.4183183
4.117647
2.5
4.661453
4.685169
2.5
4.2166944
4.476213
4.5805225
2.4900904
4.401761
2.5
2.5
4.065024
4.3034563
5.0
4.279491
4.3838053
4.218057
4.486833
2.5
2.5
4.0919642
4.2496037
3.9956353
3.9109795
4.0102687
3.8725085
4.312617
2.5
4.5
4.5504327
4.481548
4.212569
4.569108
4.406896
4.4
4.5490174
4.382409
4.2802362
3.8
2.5
4.302408
4.6064086
4.634671
4.5167656
4.469617
4.5492516
2.5
4.62492
4.745103
4.607124
4.6663575
4.3898306
4.6784935
4.857093
2.5
2.5
3.7384655
3.9760215
2.5
2.5
3.7878478
2.5
2.5
4.5
2.5
3.6066506
2.5
2.5
2.5
2.5
4.4
3.5
2.5
2.5
2.5
2.5
2.5
2.5
2.5
2.5
2.5
2.5
4.4227843
4.599808
4.519847
2.5
2.5
4.265207
4.247883
4.376724
4.2780914
5.0
4.1776056
2.5
4.0405693
4.5339074
4.3333335
2.479274
4.4198213
2.5
2.5
2.5
4.129826
2.5
2.5
2.5
4.1054487
4.2852345
4.383991
4.5339046
2.5
4.2938533
2.5
4.128784
2.5
4.344933
2.5
2.5
3.9495156
2.5
4.4218216
2.5
2.5
2.5
2.5
2.5
2.5
2.5
5.0
2.5
2.5
3.625
4.135334
4.2219996
4.155299
3.9155757
4.6
4.1329494
4.0829606
4.0866275
4.5063524
2.5
2.5
2.5
4.555709
4.6024723
4.084378
4.025641
4.2
2.5
3.6956522
4.2239804
4.2006183
3.9230769
4.533083
4.240741
2.5
4.9101796
2.5
4.642857
4.445383
2.5
2.5
2.5
2.5
2.5
3.357143
4.20528
4.5
4.3876696
4.571429
4.14832
4.540677
4.4704356
4.22206
4.0
2.5
2.5
4.318182
2.5
4.5
4.444157
4.2791357
2.5
4.0588236
2.5
4.2
4.214286
3.1
2.5
2.5
4.3076925
4.146174
3.9556198
4.081761
3.691502
2.3070505
3.6773238
3.4248095
3.4386473
5.0
2.5
4.3157897
4.3333335
2.5
2.5
4.0745916
4.6648407
4.408491
2.5
2.5
4.4788437
4.8321095
4.6283355
4.2444396
4.750738
4.4461656
4.5436664
4.7076726
4.697506
4.6329904
4.5297933
4.4757423
5.0
4.768646
4.664953
4.540588
5.0
5.0
5.0
3.703878
5.0
5.0
2.5
2.5
2.5
3.8059068
4.4440427
3.8871837
4.1109605
3.9586506
3.7523727
4.781713
2.5
3.740513
4.24136
4.5
2.5
3.7031047
2.5
3.490627
4.1626077
4.079925
4.5321474
5.0
5.0
5.0
5.0
5.0
5.0
4.362337
4.78125
4.644452
4.8333335
4.513801
4.0989614
4.5141625
4.359195
2.5
2.5
2.5
3.6479292
3.7464678
3.9020514
3.6177185
3.6497028
3.8963895
4.045653
4.245274
4.4075327
4.3074193
4.1619205
4.3859224
5.0
4.058879
5.0
4.299177
4.1628823
4.0
4.1197357
4.2146254
4.0
4.0920477
2.5
2.5
2.5
4.6666665
4.223104
4.7207594
2.5
2.5
2.5
4.7166944
4.304389
4.38383
4.511422
4.3671308
4.3055573
2.5
2.5
2.5
5.0
2.5
4.483948
4.9239864
4.4462934
4.703504
5.0
4.698898
4.607196
4.388247
5.0
2.5
4.7561584
4.4629126
4.193816
4.4698687
4.0
4.2483163
2.5
2.5
3.0596442
4.0
3.8903933
3.885318
2.5
3.5
2.5
3.5806012
4.0
4.0
5.0
4.48026
4.7303143
4.5
2.5
4.0
2.5
2.5
2.5
3.5
2.5
2.5
2.5
2.5
2.5
2.5
2.5
4.7223682
4.0
2.5
2.5
2.5
2.5
2.5
2.5
2.5
2.5
4.1303053
4.630602
2.5
4.4624753
2.5
2.5
3.6439402
2.5
2.5
3.7305105
3.411182
2.5
3.5205445
2.5
2.5
3.1816695
3.6673496
3.329275
3.7101684
3.5
2.5
2.5
2.5
3.4654021
3.5235312
2.5
3.2
3.2612038
3.4705882
2.5
3.2340426
3.0
2.6363637
2.6666667
3.4
3.0
4.653896
4.559978
4.633312
4.056015
3.9555206
4.25
4.2
3.7180429
4.4469233
4.607738
2.5
3.7453468
4.229189
3.855158
3.8321035
4.128333
3.9255245
4.099654
3.991989
3.9733279
2.5
2.5
4.1473823
2.0
2.0
3.9393408
2.9375
3.2534041
2.5
2.6585367
2.5
3.5042188
3.9375
2.2692308
2.5
2.8070402
2.9958675
3.0
4.066446
4.3036256
4.0730276
3.371105
3.7200303
3.578639
3.852547
2.4527898
2.5
4.331767
4.030084
3.907287
4.1038537
4.8973784
4.2586284
2.5
3.5388668
3.2514908
4.0
3.2894738
3.1246176
2.846122
2.3817086
3.4
2.852048
3.5
3.1190948
3.5393174
5.0
4.7495823
5.0
4.128704
4.340447
4.345572
4.253829
4.370084
4.0763736
3.9695034
3.6260612
4.667854
4.613039
4.6514373
3.9655344
3.9853146
2.5
5.0
5.0
5.0
4.0
2.5
2.5
5.0
4.4498267
4.8636365
4.190371
4.4137383
4.3296003
4.500551
4.751754
4.0763173
4.2856126
4.296405
4.2843313
4.3333335
4.011617
4.018879
4.0
2.5
5.0
4.481786
3.836885
4.1312413
4.0099998
4.035305
4.030091
2.5
4.4733157
4.428571
2.5
4.5
2.5
4.2617607
3.4588037
4.027125
4.0711665
3.646782
4.044821
4.0585995
3.7412045
3.9684994
4.603132
5.0
2.5
2.5
2.5
2.795625
4.676434
4.60242
4.6
4.6116443
4.7253466
2.5
4.4157043
4.5423007
4.423249
4.6558967
4.5212946
4.350486
4.3926773
4.3660254
2.5
3.670844
4.3333335
3.9864182
2.5
5.0
5.0
4.0
4.5811386
4.305958
4.620993
2.5
2.5
2.5
2.5
3.5634274
2.5
4.0077415
3.858573
3.2672536
3.4267821
3.1564856
3.493798
2.3947368
4.056882
3.235294
3.7419355
3.5
3.8130229
3.7880313
3.2317154
2.8695652
2.5
3.3616045
3.235294
3.1338525
3.5741553
3.8272007
2.5
2.5
2.5
2.5
3.019502
2.8833277
2.5
4.6962147
3.0954707
2.5
3.5351105
3.9075058
2.5
2.5
4.0
4.005887
4.012517
4.450461
5.0
4.2592387
4.475073
2.5
4.067709
4.039393
4.094135
3.9374335
2.5
3.3905244
3.9269664
3.9413807
3.8867946
3.9908397
2.5
4.151459
4.1142073
3.9982362
4.3333335
3.711825
3.727457
3.8973641
3.8125887
4.2
3.8744054
3.8966453
3.7899206
4.0
3.756146
4.1196246
3.6084151
2.5
2.5
4.6605453
4.0140524
3.9606833
3.9044478
4.0382752
3.776385
2.5
2.5
4.6358733
2.5
3.7762897
4.8214273
4.7531343
3.0531106
2.8741693
2.372583
4.172414
4.1
3.8029141
3.9574807
3.8286638
3.7418709
3.9112167
5.0
3.9093301
3.5141418
4.2532916
4.419503
3.6884181
3.6884181
3.62657
4.1988287
4.185954
4.1526093
4.4295835
4.211091
4.303664
2.5
2.5
4.5
3.4068289
3.0529673
4.2998257
4.2991695
4.386538
3.9964142
5.0
2.5
2.5
2.5
2.5
2.5
2.5
2.5
2.5
2.5
2.5
3.9171114
3.7602823
3.7602823
3.8379667
3.9130435
4.0
3.5428572
2.5
2.5
3.6971972
3.8161056
2.5
2.5
2.5
2.5
2.5
2.5
2.5
4.4545455
2.5
2.5
4.2633934
4.2613764
4.6067615
4.6020427
4.7237206
2.5
5.0
4.039957
3.4406137
3.4917436
3.7856903
3.6
2.5
3.4541674
3.409091
3.1183245
3.822552
3.7830555
2.5
2.5
2.5
4.75
3.0
3.6142676
3.5571866
3.8181818
2.5
2.5
3.0
3.8302066
2.5
4.3333335
2.5
2.5
2.5
2.5
3.5067313
2.5
2.5
4.4444447
4.0
3.6833873
2.6666667
4.0
4.0549254
2.8372092
2.5
4.1667013
3.2105262
2.5
3.75
2.5
3.6363637
2.5
2.5
2.5
2.5
2.5
2.5
2.5
3.9361835
3.2924082
4.140488
3.9011552
4.302727
3.8830829
3.979753
4.1649594
4.093273
4.0945306
3.9726088
4.2413435
4.002711
4.0768156
4.234866
4.3365574
4.0514383
4.2075562
3.7585757
4.7519083
4.8006387
4.793826
2.5
5.0
5.0
2.5
2.5
2.5
2.5
2.5
2.5
4.7058825
4.142857
2.5
2.5
2.5
4.6993833
2.5
4.2437277
2.5
4.3613853
4.0512905
4.033072
4.354247
4.2800856
4.1219463
4.101406
5.0
5.0
2.5
4.0
2.5
4.8287373
5.0
4.5496173
4.3087144
3.7493253
2.5
4.6218157
4.3049173
2.5
2.5
2.5
2.5
2.5
2.5
3.125
2.5
3.6981466
2.5
3.787234
2.5
3.2303622
3.8349848
2.5
2.5
3.9130435
2.5
2.5
2.5
2.5
2.5
4.3055553
2.5
2.5
2.5
2.5
2.5
2.5
2.5
2.5
2.5
2.5
2.5
4.5
2.5
3.1538463
3.875
2.5
2.5
2.5
4.5
4.193548
2.5
2.5
2.5
2.5
2.5
2.5
2.5
2.5
2.5
2.5
2.5
2.5
2.5
2.5
2.5
2.5
2.5
2.5
4.818182
2.5
2.5
2.5
2.5
2.5
2.5
2.5
2.5
2.5
4.27907
2.5
2.5
4.53125
2.5
2.5
2.5
2.5
2.5
2.5
2.5
2.5
4.3333335
2.5
3.146268
2.5
1.9887983
4.516129
5.0
4.800837
2.5
4.246658
4.3125067
3.8483422
2.5
4.7448745
4.0975804
2.5
4.205267
2.5
2.5
2.5
5.0
5.0
2.5
5.0
2.5
3.7635403
3.9792712
4.3016953
4.5416718
3.9
3.7044685
3.725365
3.8122122
3.5532749
3.6068537
3.928977
3.593327
3.7132564
3.639001
3.6327755
2.5
4.226541
4.5555553
4.6
2.5
2.5
2.5
4.4282107
4.699361
4.5285244
2.5
4.6733494
4.939405
4.6389575
4.2040815
4.8679595
4.8734164
4.779236
4.9294205
4.4550314
4.4117646
4.346686
3.9783337
4.2346153
4.201934
3.6075323
3.5203469
3.3636363
3.8958573
4.1192374
4.0677767
2.5
3.1361542
3.2928932
2.0
4.533845
4.592872
4.7719846
4.7711124
4.6233683
3.1047149
3.4841194
3.532827
3.0062203
3.2802825
3.3622777
3.1396844
3.215951
4.573422
4.6
4.450229
4.6541953
4.3665004
4.634582
4.1093965
3.859265
2.5
4.375
4.5
4.30477
4.113019
4.410023
4.6
4.2452483
2.5
4.656033
4.221249
4.8
4.4131346
2.5
4.6141186
4.6621003
4.7582417
4.5080576
4.2818117
4.4935064
4.180532
3.4788854
3.6506305
3.75
2.5
3.5283911
2.5
2.5
3.1059604
3.6734693
2.5
3.5940807
2.5
2.5
2.5
2.5
3.4712827
2.5
2.5
4.40678
3.232143
3.6408973
2.5
3.7094307
3.575
2.5
2.5
2.5
2.5
2.5
2.5
2.5
2.5
2.5
2.5
2.5
2.5
2.5
2.5
2.5
2.5
3.801898
4.7261424
4.714286
4.6734104
2.5
4.428571
2.5
2.5
2.5
2.5
2.5
3.821936
4.4193835
4.734253
3.7272727
4.428571
4.7619047
5.0
2.5
2.5
2.5
3.5562482
2.5
4.1702127
2.5
4.0
2.5
3.7142856
2.5
4.0649915
2.5
2.5
2.5
3.6013658
2.5
4.4
4.1332912
4.4
4.161177
2.5
4.22485
4.253416
4.2903843
4.0
4.3778515
4.25
3.919611
2.5
4.04554
4.6
4.730248
4.6666665
2.5
2.5
5.0
5.0
5.0
2.5
2.2620623
2.5
3.6018612
3.9061637
2.5
2.5
2.5
2.5
4.5550704
2.5
2.5
2.5
4.4309626
4.340738
2.5
4.4770656
2.5
5.0
2.5
4.221493
4.477612
4.4745026
2.5
4.451649
2.5
2.5
4.378297
4.2994633
4.4528303
5.0
2.5
2.5
3.3934882
2.5
2.5
2.5
3.47051
2.5
2.5
2.5
2.5
3.319149
2.5
2.5
2.5
3.7460668
4.0
2.5
2.5
2.5
2.5
2.5
2.5
2.5
2.5
2.5
2.5
2.5
2.5
2.5
3.2522635
2.5
2.5
2.3867295
2.375
2.5
2.5
2.5
2.5
4.8097715
4.787426
2.891806
2.5
4.350835
4.4919815
4.0
4.512782
4.1618323
2.5
4.369073
4.4414935
4.8213987
4.38657
4.5266438
2.5
4.3813987
4.3287396
4.6669407
3.6906836
3.3669064
3.6017985
3.2178984
2.5
3.6397066
2.837914
3.4847379
3.4304812
4.076923
3.4296672
3.6356878
3.5078492
2.984269
2.5
2.5
2.5
2.9605415
2.5
3.6586773
2.5
2.5
2.5
3.7992327
3.7634883
3.841925
3.209772
2.5
3.9722247
3.8496003
3.968842
3.9314494
2.5
2.5
3.5941544
3.621379
4.4027452
4.537004
4.100615
4.4212685
5.0
2.5
5.0
5.0
3.6150382
4.0
3.5395043
2.5
4.5405045
4.1799498
2.5
2.5
4.628286
4.6666665
2.5
4.5923605
4.5242286
4.7591996
4.5872116
3.691243
3.746664
4.6314416
5.0
5.0
2.5
5.0
4.5
3.7842026
3.1620333
3.857143
3.5
3.5147185
2.5
4.0
4.226234
4.6077976
2.5
2.5
2.5
2.5
2.5
2.5
2.5
2.5
1.3333334
2.5
2.5
2.5
2.5
2.5
2.5
2.5
2.5
3.7272727
1.5
2.5
2.5
2.5
3.9565217
3.7834377
3.4545455
3.7909162
3.5
3.9884393
2.5
2.5
3.836971
2.5
3.7440479
3.5619047
3.8621285
3.7485294
3.932702
4.3333335
3.4545455
3.6
3.9189188
2.5
3.7850726
2.5
4.038454
3.7317064
4.021383
2.5
3.7734592
2.5
3.8093603
3.7333333
2.5
3.6036394
3.68
3.5820897
4.053571
3.8897638
4.0
3.8580825
3.724138
3.8140337
2.5
4.129705
2.5
3.7857144
3.8687484
4.0
3.7142856
2.5
3.7857144
2.5
2.5
4.6228595
4.8675923
4.8125
4.791821
2.5
2.5
2.5
2.5
2.5
2.5
3.5
2.5
2.5
5.0
3.2254033
2.5
4.0742774
4.2727275
2.5
2.5
3.8168583
4.135978
2.5
2.5
2.5
2.5
2.5
2.5
4.2165422
2.5
2.5
4.0
2.129155
4.5827765
4.5
3.2684994
3.9805012
2.5
4.0625
3.451587
3.4991407
3.4584394
3.1979907
3.21941
3.0
3.1165333
4.5
2.5
4.741602
4.042169
4.1275015
4.408496
2.5
4.2813716
4.3989277
3.849913
3.970319
4.2816567
4.189447
4.426579
4.1584797
4.191572
3.9147253
4.3778105
4.087302
4.0
2.5
2.5
4.1363635
2.5
2.5
2.5
3.2068965
2.9285424
2.8852675
2.7881436
2.9451923
2.5
2.5
4.0
3.8
4.170054
3.9587991
3.8950155
3.9336908
2.5
3.9052982
4.15
3.9127522
3.9711998
3.8545463
3.9061637
2.5
2.5
4.27131
4.074155
4.2589493
4.125402
2.5
4.4411554
2.5
3.6551309
4.0
3.662726
3.741938
3.7931035
3.5295546
4.0544415
2.9403558
3.7326853
3.6828768
3.8275862
3.6525917
4.0296006
4.0
3.7387
3.7958872
4.456192
2.5
4.050083
3.8804774
3.7368581
3.5702252
4.2956185
4.6666665
4.5
2.5
2.5
4.3
4.142857
4.2876167
2.5
2.5
4.0
2.5
4.118146
2.5
4.2761426
2.5
2.5
2.5
2.5
2.5
2.5
2.5
2.1855214
2.5555556
2.5
2.5
2.5
2.2346754
2.72793
2.0833333
2.5
2.5555556
2.5
2.5
2.5
2.5
2.5
2.5
3.483871
3.3900068
3.7701142
2.5
3.913079
4.253403
2.5
3.857143
3.921252
3.530525
3.564482
2.5
3.512354
4.0037737
3.5949802
4.039276
3.7561245
3.7552533
3.9863014
3.697099
3.9138057
2.5
3.935484
3.347826
3.706757
3.2478182
3.347826
4.117647
2.5
2.5
2.5
2.5
2.5
4.5772543
2.5
2.5
4.0
4.1292696
2.5
4.0
3.6
3.5438688
3.3790162
2.5
3.776454
3.120597
4.3846154
3.2968092
2.5
2.7586207
2.5
2.5
2.5
4.0
4.414444
4.4286885
4.428571
2.5
3.3843608
3.25
2.6
4.0270996
3.4105337
2.5
3.94342
4.7560415
4.2560654
4.2071133
3.7887166
3.7067292
2.5
5.0
2.5
2.5
3.7340837
3.7904706
3.6997623
3.6582842
4.0789657
3.4267766
2.5
4.0
4.0726967
2.5
2.5
2.5
2.5
2.5
2.5
2.5
2.5
2.5
2.5
4.1578946
4.2055407
4.642857
4.1623564
4.0
4.500786
2.5
3.909091
4.016542
4.0144944
4.0337534
3.6115735
2.5
3.6666667
3.789787
2.5
3.7932703
3.728546
3.7947037
3.749662
3.886997
3.8662186
3.357143
3.6171875
3.762484
3.8998125
3.7225432
4.2222223
2.5
3.8275862
3.774957
2.5
2.5
3.7902198
3.5
4.0702443
4.25
2.5
3.8312879
3.625565
2.5
2.5
2.5
3.888551
3.7730727
3.9069138
3.7130086
3.724184
3.932306
3.880047
3.9859154
3.7720587
3.9701524
4.0
3.9459622
4.0038986
2.5
3.8356073
3.8432288
2.5
3.8679245
4.0
3.8273199
2.5
3.8844063
4.008059
3.7983947
3.835821
4.125
3.8059702
3.909091
2.5
3.715027
3.6822834
3.8181818
3.916376
3.4398997
4.0547943
3.9043338
3.7105062
2.5
3.7277536
3.774436
3.8580067
2.5
3.7695172
3.6911798
2.5
2.5
3.8030896
4.3333335
2.5
3.787226
3.7556865
3.6792452
3.7654762
2.5
2.5
2.5
2.5
2.5
3.0480816
2.5
2.5
3.5027056
3.4791667
3.5134451
3.3794632
3.1463416
3.5588236
3.439556
3.445187
3.4196157
3.4334311
3.357143
3.3323867
2.5
2.8369453
2.5925925
2.9408283
2.9561164
2.5
2.5
3.30691
2.4652905
2.5
2.5
2.5
2.5
2.5
2.9847329
2.5062761
2.5
2.5
2.5
1.9090909
2.9459622
2.9651837
3.0186477
3.1004472
3.0622544
2.6097112
2.5
2.5
3.0527601
2.6744733
2.5
2.3333333
2.75
3.6
2.945792
2.6927373
2.5
2.5
2.9825218
2.5
3.1456096
3.264706
2.5
2.5
2.8922627
2.5
2.973262
3.0
2.9822426
2.5
2.5
2.5
2.5
2.5
2.5
3.160886
2.5
2.5
3.0616925
3.4285715
2.9943542
3.0069687
3.0473392
3.0
2.7905276
2.5
2.9545455
2.5
3.3243244
2.5
3.0882888
3.0404146
2.5
2.9408283
2.5
2.5
3.0082214
2.5
2.5
2.5
2.5
2.7737794
3.1666667
4.0989013
3.7524753
2.5
2.5
2.5
2.5
2.5
2.5
3.1031175
2.5
3.125
2.8428571
2.5
2.9349217
3.1247234
3.0977254
3.1286354
3.3086672
2.9685888
2.8101487
2.957062
3.3116746
2.5
3.0303557
2.9286327
2.9411764
3.019539
2.5
2.9500191
3.177047
2.5451505
2.9039729
2.9418907
2.897351
2.9675539
3.0223305
2.6442308
3.084333
3.3986826
2.887092
2.8039558
2.75731
2.5
3.076978
2.6763983
2.621212
2.9152544
2.5
2.5
2.5
2.5
2.9408283
2.142857
2.5
2.5
2.6109116
2.6284897
2.9225338
3.4049504
3.1838236
3.1562376
3.263053
3.1561713
2.8047955
3.4807692
2.880524
3.1054833
2.5
3.0083263
3.1552713
3.060954
3.1421733
2.5
3.5945017
3.259622
3.1838236
3.1624742
2.869159
3.3595505
2.5
2.8628519
3.0463004
2.5
2.5
3.0810812
2.984738
2.5
2.7037036
3.100939
2.5
2.5643563
1.8
2.5262976
2.8013308
3.0217621
3.1626065
2.0
2.5
3.0221388
2.5
2.7555556
2.9808354
3.096372
2.978063
3.0660167
2.9902542
2.5
2.5
2.5
1.8
2.5
3.0763717
2.835019
2.698495
3.081235
3.159091
2.5
2.5
2.5
2.8277082
2.9616742
2.5
3.0680997
2.5
2.5
2.7152872
2.7163093
2.5
2.5
2.5
2.950165
2.8932874
2.686881
2.4954128
2.8809524
2.5
2.5
3.2232056
3.2
2.9541621
3.2606018
2.866446
2.5
3.0721939
2.9755468
2.5
3.0878668
2.7699258
2.9104843
3.0501583
3.070558
2.9425013
2.9394054
2.5785892
2.928128
3.0352552
2.8938746
1.6
2.954456
3.0431366
3.001368
2.9860775
3.1122537
2.5
2.5
2.9371424
2.6842105
2.5
2.5
2.4444444
2.5
2.5
2.5
2.5
2.6269577
2.5
2.5
2.682939
2.5
2.8932874
2.5833333
2.5368803
2.5
3.649504
2.889613
3.0563562
2.5766308
2.6777778
2.947041
2.5
2.5
3.2586207
2.4954128
2.5
2.5
3.7916229
2.5
2.5
4.3909984
4.5038342
4.337575
3.9366994
3.8961437
2.5
2.5
2.96
3.1667078
4.0
2.5
3.2063904
3.0
3.781935
3.2902672
3.0
3.909091
2.5
4.0
4.3419676
4.439067
4.1666665
4.4526935
3.4917092
2.5
2.5
2.5
3.3333333
2.5
2.5
2.5
2.5
3.5
2.5
3.6
2.5
2.5
5.0
2.5
2.5
2.5
2.5
2.5
2.5
3.7307692
4.3636365
4.280294
2.5
2.5
4.113587
3.913013
2.5
2.5
2.5
4.0176373
5.0
2.5
4.2866054
4.572392
2.5
4.6011906
2.5
2.5
2.5
2.5
5.0
2.5
2.5
2.5
2.5
2.5
2.5
2.5
4.7540984
5.0
2.5
4.42048
2.5
2.5
2.5
4.080645
4.1548066
2.5
4.5434785
3.8
4.382846
4.2584004
2.5
5.0
4.6865673
4.0854588
4.352113
4.1723576
4.1961207
4.1700673
4.5476985
4.2352943
4.125
2.5
2.5
2.5
2.5
3.99348
4.5
4.351706
4.462963
4.3142858
4.433628
2.5
4.344478
2.5
3.7857144
4.155956
2.5
4.205367
3.9325528
3.800204
4.297056
4.0852776
3.6939807
3.9761124
4.8
5.0
2.5
2.5
2.5
2.5
2.5
4.538495
2.5
2.5
3.2307692
3.6666667
2.5
3.137931
3.2894738
3.3255813
3.0629134
3.0317461
3.6
3.032258
3.222927
3.0135639
2.5
2.9538407
3.2652602
3.0
4.3010316
4.4107933
4.713885
4.028437
2.5
4.1666665
4.0
3.4
2.5
3.744681
4.4615383
3.4427657
2.5
3.3095102
3.7649043
3.6182275
3.3222682
2.5
3.7031293
3.1562233
3.83148
3.673405
2.5
2.5
3.75
2.5
3.5045538
3.084507
3.529612
3.453574
3.6986825
3.3827407
3.3901243
2.5
3.272152
3.467414
3.2358432
3.5913384
3.0580785
3.5348094
3.2863069
3.7392416
3.3416297
4.044628
4.133385
3.6619384
3.221435
4.291708
3.9038475
3.365615
3.8461382
3.3076591
3.6209319
4.010342
3.6646328
3.3689744
4.0
4.23542
4.293679
3.5714285
2.5
3.9191823
3.5805326
3.6578019
4.0
3.8358212
3.6666667
2.6
2.5
2.5
2.5
4.0
2.5
2.5
2.5
3.4736843
2.5
4.3368487
2.5
5.0
3.0898876
3.4136195
2.5
2.5
2.5
2.5
3.5070422
3.3333333
4.0
2.7272727
2.5
2.5
2.5
2.5
2.5
3.7078195
3.3172424
2.5
4.288298
2.5
4.75
3.909091
2.5
4.4
2.5
2.5
2.5
2.5
5.0
4.75
5.0
2.5
2.5
2.5
2.5
3.6464467
2.5
4.0
2.5
2.5
2.5
2.5
2.5
2.5
2.5
5.0
2.5
4.701016
4.5497036
4.3203773
3.0588236
2.5
3.4444444
3.349476
2.464143
3.3650792
3.1830986
3.478158
3.5652175
2.9321895
3.4117646
3.0
3.5306122
2.5
2.5
2.5
2.5
3.1857924
3.8508947
2.5
3.33487
3.5882354
4.3632703
2.5
2.5
4.75
2.5
2.5
2.5
2.5
2.5
2.5
2.5
4.4488854
2.5
2.5
3.044891
2.5
3.8172386
3.2776322
3.159421
3.0666666
3.8657305
2.5
3.4440758
2.5
4.0
4.285714
3.8828871
3.9889524
4.0807147
2.5
2.5
4.0880384
3.2497828
3.88
3.4677427
2.5
4.369398
4.155364
4.041091
4.1772094
4.4
3.6536708
3.8
2.5
2.5
2.5
4.3333335
4.1629815
2.5
4.1522713
2.5
4.1817603
2.5
2.5
2.5
4.1666665
4.176514
2.5
3.7855992
2.5
2.5
2.5
3.8461537
2.5
2.5
2.5
2.5
2.5
2.5
2.5
3.7674398
3.5533142
4.0330577
2.5
4.0534353
2.5
4.036496
2.5
2.5
2.5
2.5
2.5
3.6727862
2.5
3.5825295
2.5
3.5088344
2.5
3.6090536
4.026044
2.5
2.5
2.5
3.566511
2.5
2.5
2.5
2.5
2.5
2.5
2.5
3.4
3.7101598
2.5
2.5
3.7996442
3.620015
3.5129414
2.5
3.7428572
3.576404
2.5
2.5
2.5
3.5
2.5
2.5
3.9411764
3.0
3.8680537
3.6666667
3.9172242
2.5
3.3783784
2.5
2.5
4.571429
3.2808468
3.686353
2.703125
2.5
2.5
2.5
2.5
2.5
3.4782608
2.5
2.5
2.5
2.5
2.5
2.5
2.5
2.5
2.5
2.5
2.5
2.5
3.4835165
2.5
3.969697
3.7286823
2.5
2.5
2.5
3.3765776
3.2293727
2.5
2.5
4.5
3.713957
2.5
2.5
3.7310395
4.003797
2.5
2.5
3.097561
4.75
2.5
2.5
2.5
2.5
2.5
2.5
2.5
2.5
2.5
2.5
2.5
3.438093
2.5
2.5
2.5
2.5
2.5
3.634407
2.5
2.5
2.5
2.5
4.427299
2.5
3.7235863
3.543764
3.7265127
3.536775
3.799762
3.5080318
3.9340775
2.8491464
2.5
3.68323
3.8310204
3.8574014
2.5
3.6816518
3.8366165
3.5344896
3.9463449
3.7966733
3.5848358
3.584717
3.667005
2.5
3.8359058
3.658075
4.25
2.5
3.675485
3.755434
3.772568
3.3234038
3.2
3.7144656
3.6363637
3.4741137
4.4725914
3.5140073
3.6992478
3.5378745
3.8353934
3.6795528
3.5624669
3.6039672
3.7316682
3.5009065
2.3333333
2.5
3.5803719
3.3626227
3.580645
3.140625
3.900091
3.3393738
3.9205766
3.4544601
3.789371
3.7310925
3.3492064
3.898657
4.571429
3.2770433
3.7350173
3.6839063
3.6600547
3.340845
3.6796453
3.4201682
3.5761194
3.3192465
3.5206056
3.561104
3.3901088
2.5
3.635645
3.580645
2.5
3.2971208
3.7936168
2.5
3.1188118
2.5
3.52607
2.5
3.7533567
3.4929376
3.704482
3.5473685
2.5
4.6382947
4.647072
4.7445207
4.3240666
4.733531
2.5
2.5
2.5
5.0
2.5
2.5
2.5
4.5789475
4.0
2.5
2.5
5.0
5.0
5.0
2.5
2.5
5.0
2.5
4.2880073
2.5
2.5
2.5
2.5
4.4127817
5.0
5.0
5.0
2.5
2.5
2.5
2.5
4.417396
4.335139
4.0
4.7606845
4.6666665
4.386064
4.1547008
2.5
2.5
2.5
2.5
2.5
2.5
2.5
2.5
2.5
2.5
2.5
2.5
2.5
2.5
2.5
2.5
2.5
2.5
2.5
2.5
2.5
4.0
3.6470587
3.96
4.3414636
2.5
3.3691697
2.5
2.5
3.3765934
2.5
4.0
2.5
2.5
3.525
2.5
2.5
4.090909
3.68052
4.478261
3.8019803
2.5
2.5
2.5
4.009206
2.5
3.3879783
2.5
3.6467853
2.5
2.5
2.5
3.981132
4.6
3.526585
4.5
2.5
3.1111112
4.327273
2.5
4.25
2.5
2.5
2.5
4.352941
2.5
2.5
3.875
4.2017937
3.8033571
3.9051821
2.5
2.5
2.5
3.656597
2.5
3.8330781
4.4147325
2.5
2.5
2.5
2.5
2.5
2.5
2.5
2.5
2.5
4.4095883
4.613233
4.2325583
2.5
4.0
2.5
3.8548033
2.5
3.387225
4.3636365
3.998095
3.875
2.5
3.5381932
2.5
2.5
2.5
2.5
3.720524
3.5813954
2.5
3.4411764
4.0
2.5
3.9230769
2.5
3.4862986
2.5
2.5
3.4852564
2.5
2.5
2.5
2.5
2.5
2.5
2.5
2.5
2.5
2.5
2.5
2.5
2.5
2.5
2.5
4.5
2.5
2.5
2.5
2.5
2.5
2.5
2.5
2.5
2.5
2.5
2.5
2.5
2.5
2.5
2.5
3.5984018
2.7142856
2.5
2.5
2.5
3.7770066
4.095665
2.5
3.8865979
2.5
2.5
2.5
2.5
3.5149698
2.5
4.053571
3.56
3.7824259
2.5
2.5
3.8253894
2.5
3.699206
2.5
2.5
2.5
2.5
3.7745695
2.5
2.5
2.5
2.5
2.5
3.6222222
2.5
2.5
3.7663403
2.5
4.5925927
3.4300292
2.5
3.5625
3.9635258
4.0588236
2.5
2.5
4.078125
2.5
2.5
2.5
2.5
2.5
2.5
3.8408427
2.5
2.5
3.7653959
3.704564
2.5
2.5
2.5
2.5
2.5
4.0826774
2.5
2.5
3.834045
2.5
2.5
3.505319
3.5867805
2.5
3.708086
2.5
3.6380563
2.5
2.5
2.5
4.019608
3.7146227
2.5
5.0
2.5
2.5
2.5
4.5
4.142857
2.5
3.9560459
3.2963636
3.7227724
2.5
2.5
4.041129
2.5
2.5
3.2142856
3.7234647
3.7953165
2.5
3.5739093
2.5
3.7907166
3.0
2.5
4.8333335
2.5
2.5
2.5
2.5
2.5
2.5
2.5
2.5
2.5
2.5
2.5
2.5
2.5
2.5
3.6760397
2.5
3.6216216
2.5
4.5
2.5
3.73607
2.5
3.6666667
2.5
2.5
3.6837606
3.9729729
3.2987595
3.6222222
2.5
2.5
2.5
3.9512196
2.5
2.5
2.5
3.6222222
2.5
2.5
2.5
4.7272725
2.5
2.5
2.5
4.6666665
2.5
2.5
2.5
2.5
2.5
2.5
2.5
2.5
2.5
2.5
4.25
2.5
4.75
2.5
2.5
2.5
2.5
2.5
2.5
2.5
2.5
2.5
2.5
2.5
2.5
2.5
2.5
2.5
3.3434343
3.240164
3.2731984
2.840967
3.2257981
2.5
2.5
3.2246892
3.2737274
2.5
3.075288
3.3488302
3.2448082
2.5
3.043256
3.166739
2.5
2.5
3.4067798
3.025784
3.0749364
3.317402
3.2872467
2.5
3.3288412
2.5
2.0
3.590909
3.2447536
2.5
3.3833897
2.5
2.5
2.8888888
3.2876577
3.327401
2.5
3.3434343
2.5
3.1739197
3.1621697
2.5
3.392616
3.2824254
3.2072792
2.9413333
3.3880596
3.275281
3.142857
3.5259836
2.5
3.0109308
2.5
2.90554
1.6666666
2.9954023
2.5
2.5
2.5
2.5
2.5
2.5
2.5
2.5
2.5
4.434817
4.0
2.5
4.718435
4.3939
2.5
2.5
2.5
4.4098363
2.5
2.5
4.423441
2.5
4.494295
4.5789475
2.5
2.5
2.5
2.5
4.1411276
2.5
2.5
2.5
2.5
2.5
2.5
2.5
2.5
2.5
2.5
2.5
2.5
2.5
2.5
2.5
2.5
2.5
2.5
4.3333335
3.1538463
2.5
2.5
2.5
2.5
2.5
2.5
2.5
2.5
4.5
2.5
2.5
2.5
2.5
2.5
2.5
2.5
3.8479433
2.5
5.0
5.0
5.0
2.5
5.0
5.0
2.5
2.875
2.5
5.0
5.0
2.5
2.5
5.0
5.0
2.5
2.5
2.5
2.5
2.5
2.5
2.5
2.5
2.5
2.5
4.818182
2.5
2.5
2.5
2.5
2.5
5.0
5.0
2.5
4.75
2.5
2.5
2.5
2.5
3.7822537
3.8352513
3.6714466
4.2093034
4.0
2.5
4.3325653
3.5864167
2.5
2.5
4.5117793
5.0
2.5
2.5
2.5
2.5
2.5
4.3209195
2.5
2.5
2.5
2.5
4.275862
2.5
4.45
4.352941
4.133333
2.5
5.0
4.395248
4.7331586
2.5
2.5
3.7015293
4.0290103
2.5
2.5
2.5
2.5
2.5
3.7894738
2.5
3.861386
2.5
3.7777777
4.209696
4.428571
2.5
2.5
4.0
2.5
2.5
2.5
2.5
2.5
2.5
2.5
2.5
2.5
4.5
4.3333335
2.5
4.4274817
4.214286
2.5
2.5
4.15
4.1666665
2.5
4.0
2.5
2.5
4.0
2.5
2.5
2.5
2.5
3.0
3.0648315
2.5
2.5
2.5
2.5
2.5
2.5
4.0
4.6666665
2.5
2.5
2.5
2.5
2.5
2.5
2.5
2.5
2.5
2.5
2.5
2.5
2.5
2.5
2.5
2.5
2.5
2.5
2.5
2.5
2.5
3.7409348
2.5
2.5
4.8
2.5
2.5
5.0
4.200168
3.3333333
4.1341767
2.5
3.8056161
2.5
2.5
2.5
2.5
3.5
3.2
4.3333335
3.6284268
2.5
3.4393983
3.875
3.4740915
2.5
2.5
2.5
2.8
2.5
3.5731351
3.532208
5.0
2.5
2.5
2.5
2.5
2.5
2.5
3.6546109
2.5
3.9966245
2.5
2.5
2.5
3.9565217
2.5
3.7956877
3.8641763
4.75
2.5
2.0
3.0
3.8080177
3.8473573
4.5
5.0
2.5
2.5
2.5
3.25
2.5
2.5
3.870434
3.6649268
3.9927623
3.5
3.9784372
2.5
3.6286936
3.9367468
3.2048986
2.5
3.8267794
2.5
3.7906976
2.5
3.7628434
5.0
3.6383805
2.5
4.42635
3.94391
3.6293747
3.9691768
2.5
5.0
2.5
4.713264
4.861929
4.8273067
2.5
2.5
4.0
4.647669
2.5
3.9950607
2.5
4.3333335
4.27907
2.5
2.5
2.5
2.5
2.5
2.5
2.5
2.5
2.5
4.0
3.975481
4.25
2.5
2.5
3.5294118
4.0722637
2.5
4.2727275
2.5
2.5
2.5
4.6666665
2.5
4.6666665
4.4444447
2.5
4.214286
2.5
2.5
2.5
2.5
2.5
2.5
2.5
2.5
2.5
2.5
2.5
2.5
2.5
2.5
2.5
2.5
2.5
2.5
2.5
2.5
4.7
2.5
2.5
2.5
2.5
4.5
5.0
2.5
2.5
2.5
2.5
2.5
2.5
2.5
2.5
5.0
2.5
2.5
2.5
2.5
2.5
2.5
2.5
4.2928934
2.5
5.0
2.5
2.5
2.5
2.5
2.5
2.5
2.5
2.5
2.5
2.5
2.5
2.5
2.5
2.5
2.5
2.5
2.5
2.5
2.5
2.5
4.0
2.5
2.5
2.5
2.5
2.5
2.5
2.5
2.5
2.5
2.5
2.5
2.5
2.5
2.5
2.5
4.2192593
2.5
2.5
4.4042964
4.3049293
2.5
2.5
2.5
2.5
2.5
2.5
4.2206864
4.6666665
4.6
2.5
2.5
4.0
2.5
2.5
2.5
4.5497036
2.5
4.520822
2.5
4.4524064
4.413709
4.2243686
4.2243686
4.2463636
2.5
4.503549
4.394155
4.343207
4.212942
4.2181816
4.5373816
4.4545455
2.5
2.5
4.292423
4.477105
4.4050374
4.4237714
4.4305344
4.282584
4.326682
4.3058214
4.112985
2.5
2.5
2.5
3.0
2.5
2.5
3.6184425
2.5
4.0
2.5
4.4375
4.5
2.5
2.5
2.5
3.6595745
4.4
2.5
2.5
2.5
2.5
2.5
2.5
2.5
2.5
2.5
2.5
2.5
2.5
4.785714
2.5
2.5
2.5
2.5
2.5
2.5
2.5
4.0
4.899749
2.5
2.5
2.5
2.5
2.5
4.766234
2.5
2.5
2.5
2.5
2.5
5.0
4.902439
4.906313
4.625
2.5
2.5
4.90566
4.8968015
4.901961
2.5
5.0
2.5
4.5555553
2.5
2.5
2.5
4.9225955
4.8187437
2.5
2.5
2.5
2.5
5.0
2.5
2.5
2.5
2.5
2.5
2.5
2.5
2.5
2.5
2.5
4.652174
2.5
2.5
2.5
2.5
2.5
2.5
2.5
2.5
2.5
2.5
2.5
4.6666665
2.5
2.5
2.5
2.5
2.5
2.5
2.5
3.0292902
4.6363635
2.5
3.2193706
2.5
2.5
2.5
2.8
2.5
2.5
2.5
2.5
2.5
2.5
2.5
2.3333333
2.5
2.5
3.5850527
2.5
3.7667148
2.5
2.5
2.5
2.5
2.5
3.8405638
3.9847744
2.5
2.5
2.5
2.5
2.5
2.5
2.5
2.5
2.5
2.5
2.5
2.5
3.4388149
3.9541724
2.5
3.6756756
2.5
3.781955
2.5
2.5
2.5
2.5
4.0
2.75
2.5
2.5
2.5
2.5
2.5
2.5
2.5
3.7948718
2.5
2.5
2.5
3.8529413
2.5
2.5
3.6216216
2.090909
3.5573764
2.5
3.7629814
3.1944444
3.7741935
3.9056604
3.6666667
3.9019608
4.0384617
3.4753747
3.6598716
3.876923
3.6
2.5
2.5
2.5
3.8648648
2.5
3.5
2.5
2.5
2.5
2.5
2.5
2.5
2.5
2.5
3.6666667
3.7107975
2.5
3.7608533
3.9266667
3.9301143
3.8979964
4.0237155
4.061732
3.5416667
3.6
2.5
3.8976378
2.5
3.6995277
2.5
3.757696
3.610366
4.0865736
3.8994007
3.7197344
3.889622
3.7776818
4.1084337
4.3333335
4.714286
2.5
4.4
2.5
2.5
2.5
2.5
2.5
2.5
3.5
4.2
2.5
2.5
2.5
2.5
3.598105
3.9411764
2.5
2.5
4.2
3.402174
2.5
3.4444444
3.7691147
3.8232794
3.6541138
3.664643
2.5
2.5
3.7630332
2.5
3.8674922
3.6778927
2.5
3.56
3.6514523
2.5
3.56091
2.5
3.642135
3.547405
2.5
3.7338116
3.6417036
3.6058395
2.5
2.5
2.5
2.5
2.5
2.5
3.3244007
3.7270238
3.5694444
3.5555556
3.6213474
3.6900585
3.3181818
3.6785715
3.674987
2.5
3.6956522
2.5
2.5
3.463576
3.7508385
2.5
2.5
2.5
2.5
2.5
2.5
2.5
4.3333335
2.5
3.8888888
4.219446
4.307065
4.0731707
4.139308
4.205745
2.5
5.0
2.5
4.454917
4.3333335
4.5797524
4.736842
4.8502207
4.33748
2.5
2.5
2.5
2.5
2.5
3.857143
2.5
2.5
4.1351643
4.5941725
4.2536426
4.0927844
4.18164
2.7982492
4.3333335
2.5
3.0
3.304344
2.9299877
2.6666667
2.5
2.5
3.1377995
3.2222223
3.4338157
2.9372284
2.87089
3.4827585
3.75
2.5
2.5
2.5
2.5
2.5
2.5
3.966203
3.5735571
3.6531885
3.6666667
2.5
2.5
2.5
4.472041
4.2421865
4.571429
4.389526
2.5
2.5
2.5
4.404762
2.5
2.5
2.5
4.925384
5.0
4.25
5.0
2.5
4.8967633
4.740297
4.6107864
4.782752
4.7127233
5.0
4.7242656
5.0
4.9326067
4.76304
4.792813
4.756356
4.63054
2.5
2.5
2.5
4.4775925
4.5
2.5
3.8056161
3.6756756
4.078935
4.1960783
4.009422
4.0330796
4.517501
3.8961508
3.7297702
4.3333335
4.616781
4.2807636
4.084708
4.7272725
2.5
4.477856
2.5
2.5
2.5
3.5714285
4.75
4.0666666
4.62069
4.3333335
2.5
2.5
2.5
2.5
2.5
2.5
2.5
2.5
2.5
2.5
2.5
2.5
2.5
2.5
2.5
2.5
2.5
2.5
2.5
2.5
2.5
5.0
2.5
2.5
4.9282365
2.5
4.6666665
4.944695
4.8859715
5.0
4.783014
2.5
4.915388
2.5
2.5
2.5
2.5
4.1296415
3.5243754
4.202166
3.6704066
2.5
3.8471456
3.6481466
2.5
2.5
4.6
4.75
2.5
2.5
2.5
2.5
2.5
2.5
2.5
2.5
2.590909
2.5
3.2727273
2.5
3.1864407
2.5
2.5
2.5
2.5
2.5
2.882762
2.0
2.5
2.5
2.5
3.2503052
2.5
2.5
2.5
2.625
2.5
3.0
2.6946385
2.5
2.6
2.5
2.7894738
2.5
2.5
2.5
2.5
2.5
2.7
2.5
3.5
2.5
2.5
3.5
2.5
2.5
3.0
2.5
2.5
2.5
2.5
2.5
2.5
2.5
2.5
2.5
2.5
2.5
2.0
4.0
4.055394
2.5
4.273459
4.2727275
4.1567035
3.857143
2.5
4.136894
4.30849
4.2446556
4.4372516
4.283175
4.3417935
4.273586
4.4525547
4.40783
2.5
4.3230343
4.328887
4.3792543
4.153464
4.2762837
4.2418513
2.5
2.5
4.285714
5.0
4.4049125
2.5
4.6795297
4.3642583
4.300771
4.1147757
2.5
4.0095854
4.251223
4.347826
2.5
4.318052
4.2836547
4.267703
3.7894738
3.3079917
4.5
3.3099587
4.7071066
3.475337
2.5
3.6
3.5
2.5
2.5
3.5
3.3333333
5.0
2.5
2.5
2.5
2.5
2.5
3.9124088
3.9293218
3.5652175
3.6
3.5294118
4.75
2.5
4.0
2.5
3.9261885
3.6571429
3.910176
3.8276808
3.8767097
3.9104872
2.5
3.7931035
3.6725564
4.3897295
3.2987013
4.1531878
2.5
4.6408744
2.5
2.5
2.5
2.5
4.5
2.5
2.5
2.5
2.5
2.5
4.8285713
5.0
4.516129
4.3764386
4.316773
4.330095
4.7
4.773585
4.9413304
2.5
4.6916094
4.6666665
4.6666665
4.625
2.5
2.5
4.6
2.5
2.5
2.5
4.714286
4.5
4.6697626
2.5
3.72758
2.5
3.8
3.5425394
3.7767377
4.285714
3.5632381
3.641282
4.4
3.5337894
3.4485984
3.8333333
3.780524
3.7078652
3.9816263
4.0137367
3.7143428
3.7857144
2.5
3.375
3.6109211
3.406543
3.6618032
3.5608044
2.5
3.9238398
3.717189
3.6532054
2.5
2.5
3.375
3.793186
3.63006
3.7575355
2.5
3.7969716
3.8385174
4.1392713
3.661279
3.7597682
3.9017313
2.5
3.5358505
3.733099
3.4871976
3.6883948
3.6015105
3.6004689
3.8559432
3.557112
3.8193648
4.0452585
3.5702434
2.5
3.6379418
4.1666665
3.5391524
3.358845
3.810881
2.5
3.4627793
3.409091
5.0
4.141474
4.232088
2.5
2.5
4.733981
4.3784957
4.4827437
4.4603357
4.5306926
4.9065027
4.6878967
4.3608103
5.0
4.5605288
2.5
4.6214385
4.25
3.7874155
2.5
4.4251943
4.4091463
4.4958997
4.320517
4.355753
4.3511333
2.5
2.5
2.5
4.3690915
4.124508
3.9769263
4.2183743
4.2434163
4.2788787
4.1714287
2.5
2.5
2.5
4.103164
2.8912315
2.5
2.5
2.5
2.5
3.185497
2.5
2.5
2.5
4.085719
4.498859
3.7666018
4.4311705
4.371355
4.4617352
4.3734336
3.8359163
3.837545
3.944977
4.351852
4.0765047
4.4604573
4.322457
4.4373293
4.1199236
2.5
3.6
2.5
2.5
3.6
3.20797
2.5
2.5
2.5
3.1635993
2.5
4.2784424
2.5
4.378034
4.090909
3.4
2.5
2.5
2.5
2.5
5.0
2.5
2.5
3.7703056
2.5
3.643992
4.0440316
3.6761653
4.0
2.5
2.5
2.5
2.5
2.5
3.7142644
3.5619497
3.7
2.95
2.5
3.5460527
3.4858246
3.86334
3.3791523
3.3679352
3.4782605
3.7465675
3.9444444
3.4327285
3.0
2.5
2.5
2.5
2.5
2.5
3.8757255
4.1828403
4.0588236
3.0790086
4.5811386
3.636106
3.6417358
3.430701
3.319093
2.5
2.5
3.7539492
3.65
2.5
3.7006876
3.3333333
3.2857144
2.9249506
3.7391305
3.3468053
2.5
3.9135892
3.8522756
2.5
2.5
2.5
2.5
2.5
3.7971015
3.6782744
4.5
2.5
2.5
2.5
2.5
3.3076923
3.0
2.5
2.5
3.7415338
3.6815422
2.5
4.6679773
2.5
2.5
2.5
3.8420312
2.5
2.5
2.5
2.5
2.5
2.5
3.391399
2.5
2.5
3.7692308
2.5
2.5
2.5
2.5
2.5
2.5
2.5
2.5
3.6640449
2.5
2.5
4.1545277
4.0915327
4.070719
4.263174
3.9370174
2.5
2.5
4.068313
4.109384
4.2256994
4.3046446
4.1696806
3.9825325
3.9473684
4.123903
3.9900348
4.212525
4.0227275
2.5
2.5
4.142857
4.3625503
3.953125
3.9845152
3.8923497
4.1754336
4.1458335
4.1060605
2.5
4.6443396
2.5
4.6278687
2.5
2.5
4.0
4.0
4.0205646
2.5
4.0504413
3.6010277
3.625
3.75
2.5
2.5
2.5
3.5774634
2.5
2.5
3.0
2.5
3.520985
3.4810944
3.2923076
3.6466103
3.6833532
3.4824355
2.5
2.5
3.5727787
2.5
4.0
3.0270271
2.5
3.5294118
3.5581396
2.5
3.7910678
3.6116726
2.5
2.5
2.5
3.3148186
2.5
2.5
3.3846154
3.448
2.5
3.3606558
2.5
3.3963637
2.5
3.387097
2.5
2.5
2.5
2.5
2.5
2.5
2.5
2.5
2.5
2.5
2.5
2.5
4.285714
4.1652436
2.5
4.1548333
4.090909
4.110598
2.5
4.0166
3.9546824
4.4563885
2.5
4.0
4.3333335
2.5
2.5
2.5
2.5
4.75
4.3626657
2.5
2.5
4.818182
2.5
2.5
2.5
4.888889
4.4545455
4.6
4.3856354
4.75
2.5
2.5
2.5
2.5
2.5
3.0
2.5
2.5
2.5
2.5
2.5
2.5
2.5
2.5
2.5
2.5
2.5
2.5
2.5
2.5
2.5
3.375
4.0
3.6666667
2.798433
3.810104
3.6363637
2.5
3.7707758
3.6311767
2.5
2.5
3.2307692
2.5
3.2792408
2.5
2.6978304
2.5
2.5
4.25
2.5
2.5
2.5
4.5
3.75
2.5
4.0
4.0
4.3936634
4.242558
4.3454547
4.2160816
4.142857
4.0479765
4.1196218
4.11858
2.5
4.714286
2.875
4.3245554
3.090909
2.5
2.5
2.5
2.5
3.2886891
2.5
4.019231
2.5
2.5
4.714286
2.5
3.1578948
3.6666667
3.625344
2.5
3.2489562
2.5
2.5
3.3529413
3.5925446
3.560174
3.7918231
2.5
3.667629
2.5
3.7850716
3.6623569
2.5
3.6720774
3.7818182
4.009189
2.5
2.5
2.5
2.5
2.5
4.116385
2.5
2.5
2.5
2.5
3.9583173
2.5
3.9817276
4.060951
4.0292397
2.5
2.5
2.8
4.769231
2.5
4.207547
3.9669306
4.2597404
2.8888888
2.5
4.6666665
2.5
3.6
3.943662
2.5
3.8878453
3.7875
3.9315069
2.5714285
2.5
4.089832
2.5
2.5
4.468107
4.0
4.2605176
4.5
4.703832
5.0
2.5
4.0
2.5
2.5
2.5
2.5
2.5
2.5
4.2397285
2.5
4.1764708
2.5
4.344935
2.5
2.5
4.251429
2.5
2.5
3.3401377
3.2062507
4.2
1.5
4.5
4.222851
2.5
4.324324
4.198427
2.5
4.1667547
4.0
3.5
2.5
4.1937127
3.447177
4.3636365
3.840016
2.5
4.01332
4.318112
4.8198247
4.482672
4.2100115
4.1624393
2.5
2.5
2.5
2.5
4.585556
2.5
2.5
2.5
2.5
2.5
2.5
2.5
2.5
2.5
2.5
2.5
2.5
2.5
3.551476
3.8114755
3.7272727
3.0
2.5
4.4136186
4.3962264
4.3809566
2.5
4.4008646
4.3589187
4.4346237
4.4166665
4.4417477
4.401126
4.5811386
4.115831
4.440053
4.221438
4.332343
4.418412
4.5941606
4.246698
4.3865213
4.3098593
4.1403804
4.1440773
4.0147057
3.402174
2.5
2.5
2.5
2.5
2.5
2.5
3.7142856
4.5
3.9854357
3.8823528
4.0582743
2.5
4.142857
2.5
2.5
3.5354698
2.5
2.5
4.0
3.0
4.6116443
4.231324
4.8
4.859175
4.8
4.0732102
2.5
2.5
2.5
2.5
5.0
2.5
2.5
2.5
2.5
2.5
3.618034
4.857143
2.5
3.6
4.4758725
2.5
4.5212317
2.5
2.5
2.5
3.7142856
2.5
3.793525
3.4756656
4.0
2.5
4.5416327
4.6184497
2.5
4.5
2.5
3.5686543
3.7483413
3.9349134
3.0
4.060505
3.5680907
4.75
3.0
5.0
2.5
2.5
2.5
3.9222634
2.5
2.5
4.0
2.5
2.5
2.5
2.5
2.5
2.5
2.5
2.5
2.5
2.5
2.5
2.5
2.5
2.5
3.625
2.8
3.5046458
2.5
2.5
2.5
2.5
2.5
2.5
3.6
2.5
2.5
2.5
2.5
2.5
5.0
2.5
2.5
2.5
2.5
4.5
4.8
2.5
2.5
2.5
2.5
4.565773
4.7188244
4.5584345
2.5
4.5555553
4.521527
4.4302454
4.612903
4.4923043
2.5
4.7272725
2.5
5.0
2.5
4.5303955
4.909091
2.5
4.5578666
4.4236393
4.5803995
2.5
2.5
4.420117
4.4375
4.337832
4.549335
4.5399175
4.5530186
4.420744
4.4716983
4.4375
4.488537
4.450317
2.5
2.5
2.5
4.8410907
4.7413793
2.5
4.73265
4.7486906
2.5
4.5094004
4.795619
2.5
5.0
4.6268473
2.5
4.691569
4.6190715
2.5
2.5
4.4017453
4.7831326
2.5
4.818182
2.5
4.818182
4.4616375
4.6942844
4.560841
2.5
2.5
2.5
5.0
4.047619
2.5
2.5
2.5
4.257384
4.559322
4.6764293
5.0
4.6566405
4.7894735
4.639084
4.9259257
4.6145606
4.8696127
4.550649
2.5
2.5
4.029437
4.6459627
2.5
2.5
4.8421054
4.779016
2.5
2.5
4.7668076
2.5
2.5
2.5
4.7027025
4.733333
2.5
2.5
4.618264
4.5
4.626919
4.910755
4.3983474
2.5
2.5
2.5
2.5
4.5682178
2.5
4.435503
4.8133335
4.647061
4.818182
4.532865
2.5
2.5
4.4474506
2.5
2.5
2.5
4.5610723
3.4645746
3.579991
3.5403345
3.302199
3.632011
2.5
3.5212898
3.758122
2.5
2.5
3.5
3.7732406
2.5
2.5
3.5
3.597701
2.5
2.5
3.2417583
2.5
4.571429
2.5
3.1269643
3.752552
3.8
4.2272725
2.5
2.5
3.5
2.5
3.5524354
3.3986282
2.5
2.5
2.5
3.25
2.5
3.6578872
2.5
3.5555556
2.5
2.5
2.5
3.4791667
2.5
3.5671115
3.4372332
2.5
2.5
4.2272725
2.5
3.438388
3.0567157
2.5
4.150685
4.0
2.5
2.5
2.5
5.0
2.5
2.5
2.5
2.5
2.5
2.5
2.5
2.5
2.5
2.5
2.5
3.655401
4.812465
4.0
4.2727275
4.4
2.5
2.3884275
2.4761906
2.5
2.0
2.5
2.8508625
3.3052251
2.5376372
3.2581315
3.0038154
2.7778263
2.7652717
2.539576
2.75
2.5
2.5
3.0
3.0769231
2.5
2.5
2.5
2.5
2.5
2.5
2.5
2.5
2.5
2.5
4.5037766
4.541537
5.0
4.643978
3.6666667
4.721931
2.5
4.25
2.5
4.6666665
3.5
2.5
2.5
2.5
4.559073
4.5
2.5
2.5
2.5
2.5
2.5
2.5
3.6
2.5
4.0
4.0287786
4.5
4.0790086
3.5
3.7686732
4.5
2.5
2.5
2.5
5.0
3.6617758
2.5
3.684532
3.879051
3.8776245
2.5
2.5
2.5
2.5
4.0
4.491146
4.6210527
2.5
4.6606216
2.5
2.5
4.568255
4.754298
4.580821
4.5646787
2.5
4.6195498
4.5984116
4.3093925
2.5
4.68
2.5
4.515238
4.609805
4.4662704
2.5
4.477433
2.5
4.5555553
2.5
2.5
4.4981837
4.4717183
4.3720293
4.4324327
2.5
2.5
2.5
4.469426
2.5
2.5
2.5
2.5
2.5
5.0
4.4
4.4
2.5
2.5
5.0
5.0
2.5
5.0
2.5
2.5
4.285714
2.5
3.3333333
2.5
4.532121
4.5774646
2.5
2.5
2.5
2.5
2.5
5.0
2.5
2.5
2.5
2.5
5.0
2.5
2.5
2.5
2.5
2.5
2.5
2.5
2.5
3.4
3.9604957
2.6666667
2.5
4.368421
2.5
2.5
4.2
2.5
2.5
2.5
4.232233
4.2727275
4.0
4.6541953
2.5
2.5
2.5
2.5
2.5
2.5
2.5
2.5
2.5
2.5
2.5
2.5
3.0
3.0
2.5
2.5
2.5
2.5
2.5
2.5
2.5
4.769231
5.0
2.5
4.5
2.5
2.5
2.5
2.5
2.5
2.5
2.5
4.722062
3.6
4.7
4.5139003
4.1714635
3.6538463
4.8020988
2.5
5.0
2.5
2.5
3.9214723
2.5438986
2.5
2.5
2.5
3.8485084
3.0976236
2.6666667
2.5
2.5
2.5
2.5
5.0
2.5
2.5
4.0
4.625
2.5
3.4210527
4.142857
4.411318
2.5
3.8255813
5.0
3.8589137
2.5
3.9285715
2.5
2.5
3.909091
2.5
4.0880375
3.7843137
2.5
4.0154257
3.8947368
2.5
4.6205773
3.8
4.1168833
2.5
2.5
3.740333
4.617206
2.5
2.5
3.0925643
3.2
2.5
2.5
2.5
2.5
2.5
3.6
2.5
2.5
2.5
2.5
2.5
4.2
4.3178334
4.0905986
4.2
2.5
3.75
3.1993227
2.5
2.5
3.9633338
5.0
2.5
2.5
2.5
2.5
2.5
4.6
2.5
2.5
2.5
2.5
2.5
2.5
4.7647057
3.5714285
2.5
4.563036
2.5
4.1
5.0
5.0
3.0
2.5
2.5
2.5
2.5
2.5
2.5
2.5
2.5
2.5
2.5
2.5
2.5
2.5
2.5
2.5
2.5
5.0
2.5
2.5
2.5
2.5
2.5
2.5
2.5
5.0
2.5
2.5
2.5
2.5
2.5
2.5
2.5
2.5
2.5
4.25
2.5
4.329101
3.724138
3.847035
2.5
2.5
3.5833333
2.5
2.5
4.275533
4.2
2.5
2.5
2.5
2.5
2.5
2.5
2.5
2.5
2.5
3.857143
5.0
2.5
2.5
2.5
2.5
2.5
2.5
4.412324
2.5
4.62069
4.097491
2.5
2.5
2.5
2.5
2.5
4.44
2.5
2.5
4.2352943
4.1268134
4.3741226
4.373065
4.2702703
2.5
4.256834
2.5
4.1365495
2.5
2.5
2.5
2.5
2.5
2.5
3.7903225
2.5
2.5
2.5
4.181818
2.5
2.5
2.5
2.5
2.5
2.0
2.5
2.5
3.3085284
3.0869565
3.7524056
2.5
3.4467194
2.5
2.5
2.5
2.5
3.6666667
2.5
2.5
3.8
3.5
2.5
2.5
2.5
2.5
2.5
2.5
3.1666667
3.7019072
2.5
2.5
3.5971134
4.142857
2.5
2.5
2.5
2.5
2.5
2.5
2.5
2.5
2.5
3.24962
2.5
4.6666665
2.5
4.2011757
3.9694712
4.483021
4.25
4.4347825
2.5
3.6153846
3.0
2.5
2.5
2.5
2.5
3.6598384
3.5395043
3.75
2.5
2.5
2.5
2.5
2.5
2.5
3.6666667
2.5
2.5
2.5
5.0
4.5
2.5
5.0
5.0
4.883968
2.5
2.5
4.7818184
4.730248
2.5
4.8
2.5
2.5
2.5
2.5
2.5
2.5
2.5
2.5
2.5
2.5
2.5
2.5
2.5
2.5
2.5
2.5
2.5
5.0
5.0
4.6666665
2.5
2.5
2.5
2.5
4.6666665
2.5
2.5
2.5
2.5
3.1666667
3.0
3.0
3.5
2.5
2.5
4.0
2.5
4.0
2.5
4.0
2.8
2.5
2.5
2.5
2.5
3.292831
2.5
2.5
2.5
3.8778958
4.3076925
2.5
4.280559
2.5
2.5
2.5
5.0
4.216388
3.0
2.5
4.5
3.75
4.2
2.5
4.4
2.5
2.5
2.5
3.8
2.5
2.5
2.5
2.5
2.5
2.5
2.5
2.5
3.4117413
2.5
3.5575264
4.269085
4.6488466
4.5915065
4.7051334
4.58333
4.709953
2.5
2.5
2.5
2.5
3.6705766
3.5795445
3.3149192
3.2814417
4.539504
4.5447907
2.5
3.9688158
3.9077342
3.970052
4.0447702
3.946064
4.068912
4.789634
4.8169746
5.0
5.0
5.0
2.5
2.5
2.5
2.5
2.5
2.5
4.457723
2.5
4.3442464
4.353537
2.5
2.5
2.5
2.5
2.5
2.5
2.5
2.5
2.5
2.5
2.5
2.5
2.5
2.5
2.5
2.5
2.5
2.5
2.5
2.2565908
2.5
2.5
2.5
2.5
2.5
2.5
2.5
2.5
2.5
2.5
4.801677
2.5
2.5
4.731851
2.5
2.5
2.5
2.5
2.5
2.5
2.5
2.5
2.5
2.5
2.5
2.5
2.5
2.5
2.5
2.5
2.5
2.5
2.5
2.5
2.5
2.5
2.5
2.5
2.5
2.5
5.0
2.5
2.5
2.5
3.0938363
2.5
2.5
2.5
2.5
2.5
2.5
2.5
2.5
2.5
2.5
2.5
2.5
2.5
2.5
2.5
2.5
2.5
4.6666665
4.6
2.5
4.6
2.5
2.5
2.5
2.5
4.760282
2.5
2.5
5.0
4.104439
2.5
4.6883316
2.5
2.5
2.5
4.6666665
4.5
4.020996
4.541578
4.5454545
4.436124
2.5
2.5
4.0
2.5
2.5
2.5
3.9610124
2.5
4.3617477
4.1271152
4.2638054
4.208047
4.0644226
2.5
2.5
2.5
4.369347
2.5
5.0
2.5
2.5
2.5
4.5829926
4.285714
2.5
2.5
2.5
2.5
2.5
2.5
2.5
2.5
5.0
4.740993
4.6090245
3.7637923
4.775053
4.5023494
2.5
5.0
5.0
5.0
2.5
3.80537
4.016949
2.5
2.5
3.9584992
3.9126577
2.5
3.887097
2.5
2.5
3.429795
2.5
3.6898425
2.5
2.5
3.75
3.9473684
3.7132702
3.711434
3.419855
2.5
2.5
2.5
3.0
2.5
2.5
3.0183635
3.0
2.5
2.5
2.5
3.0366087
3.2320879
2.5
4.768969
4.25
4.571429
2.5
2.5
2.5
2.5
2.5
4.0444345
2.5
2.5
2.5
2.5
2.5
2.5
2.5
2.5
2.5
2.5
2.5
2.5
4.785714
5.0
4.8235292
2.5
2.5
2.5
2.5
4.1651535
4.0
2.5
2.5
2.5
2.5
2.5
5.0
2.5
2.5
2.5
2.5
2.5
2.5
2.5
2.5
2.5
2.5
2.5
2.5
2.5
2.5
3.7409582
2.5
2.5
4.5872183
2.5
5.0
4.5
2.5
2.5
2.5
5.0
4.1
2.5
3.5087285
2.5
2.5
3.5
2.5
2.5
2.5
2.5
2.5
2.5
2.5
2.5
2.5
2.5
2.5
5.0
2.5
4.685856
2.5
4.5
4.269752
4.6666665
2.5
2.5
2.5
2.5
2.5
2.5
2.5
2.5
2.5
2.5
2.5
2.5
2.5
2.5
2.5
4.5
2.5
2.5
2.5
2.5
2.5
3.3333333
3.0
2.5
2.9565217
3.2847576
2.5
2.5652175
3.1538463
2.5
2.5
2.5
3.8405926
2.5
2.5
2.5
2.5
2.5
2.5
1.4285715
2.5
2.5
2.5
5.0
2.5
2.5
2.5
2.5
2.5
2.5
2.5
4.3333335
2.5
2.5
2.5
5.0
2.5
2.5
2.5
2.5
2.5
3.7428875
2.5
2.5
3.8843925
3.5579875
2.5
2.5
2.5
3.8
2.5
4.5882354
3.5506134
2.5
2.5
2.5
2.5
4.25
5.0
2.5
2.5
2.5
2.5
3.0
3.3333333
4.7745967
4.063291
4.0905266
3.75
3.9668238
2.5
5.0
5.0
2.5
2.5
4.4
2.5
5.0
2.5
2.5
4.744456
4.7826085
4.322581
4.8333335
2.5
2.5
2.5
3.7055697
2.5
2.5
2.5
2.5
2.7692308
3.723147
2.5
4.237151
2.5
2.9539332
3.037715
4.293371
2.5
2.5
2.5
2.5
2.5
2.5
2.5
5.0
4.5746355
4.5
2.5
2.5
2.5
2.5
2.5
2.5
2.5
2.5
2.5
2.5
2.5
2.5
2.5
2.5
2.5
2.5
2.5
2.5
2.5
2.5
2.5
2.5
2.5
2.5
2.5
2.5
2.5
3.1988142
3.4389894
2.5
4.2128234
2.5
3.4285715
2.5
2.5
2.6
2.5
2.5
4.0
2.5
2.5
4.6666665
2.5
5.0
2.5
2.5
2.5
2.5
2.5
2.5
2.5
2.5
2.5
2.5
2.5
2.5
2.5
2.5
2.5
2.5
2.5
2.5
2.5
2.5
2.5
2.5
3.0
3.5
3.5
2.5
2.5
2.5
2.5
2.5
2.6
2.5
1.8888888
2.5
3.2134101
3.4192402
2.5
3.6666667
2.5
2.5
5.0
2.5
5.0
2.5
3.8823528
2.5
2.5
2.5
2.5
2.5
2.5
2.5
4.375
4.636859
2.5
4.3333335
2.5
3.5333579
4.117647
2.5
5.0
2.5
4.6086955
2.5
5.0
5.0
2.5
2.5
2.5
2.5
2.5
2.5
2.5
2.5
2.5
2.5
4.298777
2.5
2.5
2.5
2.5
2.5
2.5
2.5
2.5
2.5
2.5
2.5
2.5
2.5
2.5
2.5
4.5
2.5
2.5
2.5
2.5
2.5
4.75
4.25
2.5
2.5
2.5
3.6
2.5
2.5
2.5
2.5
2.5
2.5
2.5
2.5
2.5
2.5
3.381966
2.5
4.0305233
4.181818
2.5
4.2575665
4.0812197
2.9504902
4.0
4.071772
4.0864224
2.6
4.049832
4.0
4.053688
3.854102
4.122442
4.644421
2.5
2.5
2.5
4.059714
4.232143
4.0851064
3.873424
3.7458684
4.2055078
2.5
2.5
2.5
2.5
4.5
5.0
2.5
2.5
2.5
2.5
2.5
2.5
4.8693166
4.3560414
4.414123
4.5918307
4.628503
4.277527
4.5058823
4.45574
4.440932
4.143822
2.5
2.5
2.5
2.5
2.5
3.9776561
3.8501108
3.9892461
4.053375
4.732051
4.823852
2.5
5.0
2.5
4.815301
4.8335376
4.757056
4.7276793
4.519936
4.220151
4.3698936
4.18164
4.323629
4.5615506
4.583493
4.398673
4.6900673
4.5263157
4.5979524
4.4421363
4.520737
4.375
4.5089836
4.429157
4.582396
5.0
2.5
2.5
2.657776
4.2
3.8190196
4.036723
2.5
5.0
5.0
5.0
5.0
2.5
2.5
2.5
5.0
5.0
4.5963225
2.5
2.5
2.5
2.5
2.5
3.7728267
2.5
2.5
2.5
4.1460357
5.0
2.5
2.5
2.5
4.8
2.5
2.5
4.835683
4.527461
2.5
4.5503287
4.5779386
4.5555553
5.0
5.0
2.5
2.5
2.5
5.0
4.6666665
4.5675454
2.5
2.5
2.5
4.4
2.5
2.5
2.5
2.5
2.5
2.5
4.1933646
2.5
4.2769046
2.5
4.878049
4.288609
4.2024837
4.226367
3.8461537
4.2
2.5
4.268788
4.304233
4.0
2.5
4.2314243
2.5
4.375
3.862611
4.2928934
2.5
4.734253
2.5
4.5
2.5
2.5
2.5
2.5
2.5
2.5
3.4212768
4.5183372
4.585095
2.5
2.5
2.5
2.5
2.5
2.5
4.0
2.5
3.2
3.8333333
2.5
2.5
2.5
2.5
2.5
2.5
2.5
2.5
2.5
2.5
2.5
2.5
2.5
2.5
2.5
2.5
2.5
4.625
4.3333335
2.5
4.8
2.5
2.5
5.0
2.5
2.5
2.5
5.0
2.5
2.5
2.5
2.5
2.5
2.5
2.5
2.5
2.5
2.5
2.5
2.5
2.5
5.0
2.5
2.5
4.0
4.0
2.5
2.5
3.25
4.6666665
5.0
4.7021246
4.5555553
2.5
2.5
2.5
2.5
2.5
2.5
2.5
2.5
2.5
2.5
2.5
2.5
2.5
2.5
4.4095135
4.2
4.0
2.5
4.492952
2.5
2.5
2.5
2.5
3.4415185
3.6107025
2.5
3.5503647
4.7062535
2.5
3.3333333
4.2105265
2.5
4.6666665
4.697197
4.5214057
2.5
2.5
4.615534
2.5
2.5
4.7871766
4.4775925
2.5
2.5
2.5
3.0
2.5
2.5
5.0
2.5
2.5
2.5
2.5
4.591165
4.565527
4.6
2.5
4.2
4.142857
2.5
5.0
2.5
2.5
3.9519184
2.5
2.5
2.5
2.5
2.5
2.5
2.5
4.8333335
2.5
2.5
2.5
2.5
2.5
2.5
5.0
4.3076925
2.5
2.5
2.5
2.5
3.5
2.5
2.5
3.725365
3.7371073
2.5
2.5
3.5696204
3.5267425
2.5
3.748182
2.5
3.7654178
3.3409564
3.1836734
2.5
2.5
2.5
4.3333335
3.6666667
2.5
2.5
2.5
2.5
4.174437
2.5
2.5
2.5
2.5
2.5
2.5
2.5
3.3333333
2.6826353
3.3964467
3.6717513
3.2952094
3.9126873
2.5
2.5
2.5
2.5
2.5
2.5
2.5
2.5
2.5
2.5
2.5
2.5
2.5
2.5
3.1176472
2.5
3.0
2.5
2.5
2.5
2.5
2.5
2.5
2.5
2.5
2.5
2.5
2.5
2.5
2.5
2.5
2.5
2.5
2.5
2.5
2.5
2.5
2.5
2.5
2.5
2.5
2.5
2.5
2.5
2.5
2.5
2.5
2.5
2.5
2.5
2.5
2.5
2.5
2.5
2.5
3.0
3.4620616
2.5
4.5
2.5
2.5
2.5
2.5
2.5
2.3682764
2.5
2.5
2.5
2.5
2.5
2.5
2.5
2.5
2.5
2.5
3.6594577
4.179324
2.5
2.5
2.5
2.5
2.5
2.5
2.5
2.5
2.5
2.5
2.5
2.5
2.5
3.0
2.5
2.5
2.5
2.5
2.5
2.5
2.5
2.5
2.5
2.5
2.5
2.5
2.5
2.5
2.5
2.5
2.5
4.0
2.5
2.5
2.5
2.5
2.5
2.5
2.5
4.4444447
2.5
4.25
2.5
2.5
2.5
2.5
4.6666665
2.5
2.5
5.0
4.12
2.5
2.5
2.5
2.5
2.5
4.5
2.5
2.5
2.5
2.5
2.5
2.5
2.5
5.0
2.5
2.5
2.5
2.5
2.5
2.5
2.5
2.5
2.5
2.5
2.5
2.5
2.5
3.309718
3.8
3.690282
2.5
2.5
2.5
2.5
2.5
2.5
2.5
2.5
4.249217
3.6666667
2.5
2.5
2.5
2.5
2.5
2.5
2.5
4.0
2.5
2.5
2.5
2.5
2.5
2.5
2.5
2.5
2.5
2.5
2.5
2.5
2.5
2.5
2.5
2.5
2.5
2.5
2.5
2.5
2.5
4.6666665
5.0
5.0
2.5
2.5
2.5
2.6
2.5
2.5
2.5
2.5
2.5
2.5
2.5
2.5
2.5
2.5
2.5
2.5
2.5
2.5
2.5
2.5
2.5
2.5
2.5
2.5
4.2985754
4.2674303
2.5
2.5
5.0
2.5
2.5
4.0
3.9545455
3.7369027
3.150965
4.2061377
2.5
4.4387474
4.699226
2.5
4.8958216
2.5
2.5
2.5
2.5
2.5
2.5
2.5
5.0
2.5
4.786003
2.5
2.5
2.5
2.5
2.5
2.5
2.5
2.5
4.75
2.5
2.5
2.5
2.5
4.014226
4.1875
2.5
2.5
2.5
2.5
2.5
2.5
2.5
2.5
2.5
3.142857
3.6175456
2.090909
2.5
2.5
2.4359903
4.0
2.5
2.5
2.5
4.5004086
5.0
4.818182
4.4650702
2.5
2.5
2.5
4.0
2.5
2.5
3.6666667
2.5
2.5
2.5
2.5
3.891806
4.0
2.5
2.5
4.2727275
2.5
2.5
2.5
3.2
2.5
2.5
2.5
2.5
2.5
2.5
2.5
2.5
2.5
3.9437733
4.041679
3.8235295
3.8096118
4.154579
2.5
2.5
2.5
2.5
2.5
2.5
2.5
2.5
2.5
2.5
2.5
2.5
2.5
2.5
2.5
2.5
2.5
2.5
2.5
2.5
2.5
2.5
2.5
2.5
2.5
2.5
4.5
2.5
2.5
2.5
2.5
2.5
2.5
2.5
2.5
2.5
2.5
2.5
2.5
2.5
2.5
2.5
2.5
2.5
4.4134464
5.0
2.5
5.0
2.5
2.5
2.5
4.304598
2.5
5.0
2.5
2.5
2.5
4.138071
3.2727273
2.5
2.5
3.7407408
2.5
2.5
2.5
2.5
2.5
2.5
2.5
5.0
2.5
2.5
2.5
2.5
2.5
2.5
2.5
4.25
3.479757
2.5
2.5
2.5
3.235294
3.4594836
3.4210527
2.5
2.5
3.2426407
2.5
2.5
2.5
2.5
2.5
2.5
2.5
5.0
2.5
2.5
5.0
2.5
5.0
4.5384617
2.5
2.5
2.5
2.5
2.5
2.5
2.5
2.5
2.5
2.5
2.5
2.5
2.5
2.5
2.5
2.5
2.5
2.5
2.5
2.5
2.5
2.5
2.5
5.0
5.0
2.5
2.5
2.5
2.5
2.5
2.5
2.5
3.75
2.5
2.5
2.5
2.5
2.5
2.5
2.5
2.5
2.5
2.5
2.5
2.5
2.5
2.5
2.5
2.5
2.5
2.5
2.5
3.25
2.5
2.5
2.5
2.5
5.0
2.5
2.5
4.554097
2.5
2.5
2.5
4.8
4.4
2.5
2.5
4.320648
2.5
2.5
4.0926895
2.5
4.217213
2.5
2.5
2.5
2.5
2.5
3.9637802
2.5
2.5
2.5
2.5
2.5
2.5
2.5
2.5
2.5
4.8333335
2.5
2.5
5.0
2.5
2.5
2.5
2.5
2.5
2.5
2.5
2.5
2.5
2.5
2.5
2.5
2.5
2.5
2.5
2.5
3.5394065
3.4
2.5
2.5
2.5
2.5
2.5
2.5
2.5
2.5
2.5
2.5
2.5
2.5
5.0
2.5
2.5
2.5
3.2999563
2.5
2.5
2.5
2.5
2.5
2.5
2.5
2.5
2.5
2.5
2.5
2.5
4.374152
2.5
3.7587893
2.5
4.6294246
4.571429
4.4784536
3.7473764
3.5
3.4459028
3.4187465
3.2588093
3.2792408
4.0
4.0
4.0
4.0
4.0
4.0
4.0
2.5
4.324146
2.5
4.714286
2.5
4.625
4.426488
2.5
4.0
2.5
3.7982492
2.5
3.9500382
4.0168533
4.60949
4.3894725
4.6214333
4.4693875
4.7101827
4.050798
4.0
4.352636
2.5
4.65333
4.653344
4.728806
4.0831876
3.875
3.0667322
3.8584902
2.5
2.5
3.523373
2.5
5.0
2.5
2.5
2.5
2.5
4.428571
2.5
5.0
2.5
3.6327424
3.9264958
4.0255017
4.341518
2.5
5.0
4.008915
3.9327233
4.4766846
2.5
2.5
4.2822766
2.5
2.5
3.0
3.7639098
3.9126315
3.5
2.5
4.342555
4.70361
4.6193695
2.5
2.5
4.25
5.0
4.6647983
5.0
2.5
2.5
2.5
2.5
5.0
5.0
5.0
2.5
2.5
2.5
2.5
2.5
2.5
2.5
2.5
5.0
2.5
2.5
5.0
2.5
2.5
4.2343044
1.5298221
1.451076
4.7593436
4.590909
4.587229
2.5
3.3922787
3.3043742
3.638969
3.7391608
3.7476075
2.5
2.5
3.9963527
2.886607
3.1700377
3.243807
2.6976478
2.4427466
2.5
3.5850542
3.5468104
2.8712335
2.9641047
3.0718975
3.024026
3.291663
2.5
3.9072645
3.8189707
2.5
2.5
2.5857863
4.401761
3.7142856
2.5
3.2649112
2.5
3.3333333
2.5
4.46374
4.584435
4.395591
2.5
4.684876
3.0
3.6433902
3.5913806
3.8675082
3.5551996
3.313786
3.5192513
2.5
2.5844717
2.8351352
2.9076786
3.372583
2.8
3.386929
2.8571768
2.915418
2.5
4.4765134
3.9100962
2.5
2.5
2.5
2.5
2.5
4.15582
4.06358
2.5
4.3416033
2.5
2.5
2.5
4.3713512
4.0
3.972188
3.8208528
4.793285
4.5611677
2.5
3.957017
4.1174607
4.16855
4.3743114
4.75
3.9492757
4.2337265
4.2101607
4.196739
3.6826584
2.5
4.0720706
2.5
4.527864
2.5
3.5221777
2.5
3.975311
2.8947368
2.5
3.885618
2.5
2.5
2.5
3.8408835
2.5
2.5
3.5
2.5
4.6666665
2.5
2.5
4.516129
4.2222223
4.655904
2.5
4.6666665
2.5
2.5
2.5
4.0
4.1764708
3.9896631
2.5
3.8661416
4.292473
4.123483
4.0222406
4.187183
4.356421
4.1825304
4.3333335
3.6700284
4.2417994
4.230933
4.0441656
4.0682364
4.094085
4.4
4.3865614
3.9754705
4.053463
4.3636365
3.373992
3.663045
3.6666667
3.459395
3.891183
3.7827752
2.5
3.8857877
3.9501333
3.908906
3.8474233
3.762865
2.5
2.5
2.5
4.0
4.0
4.0
2.5
2.5
2.5
4.6411533
4.6824236
2.5
4.513167
2.5
2.5
4.049635
2.5
4.714286
2.5
2.5
2.5
5.0
4.2509017
4.0926366
3.9915671
4.109326
2.5
2.5
2.5
2.5
4.4946847
4.403292
3.8987048
4.412202
2.5
4.06772
4.253994
4.3098803
3.9760854
4.5509667
4.0727377
3.955311
4.052783
5.0
4.767114
4.877209
4.8344274
5.0
5.0
4.842388
5.0
2.5
5.0
4.306927
3.5693572
5.0
4.571429
2.5
4.0
3.857143
4.686852
4.486246
4.334378
4.113238
4.318934
2.5
5.0
2.5
2.5902698
3.161596
2.5
4.0938363
4.0
4.0
2.5
4.0217977
4.3333335
4.1879983
2.5
2.5
2.5
2.0
4.4759593
3.0575497
4.117382
4.3082666
5.0
4.1372585
4.3701324
4.7283883
4.8062873
4.59556
4.704987
4.7392607
4.6418943
4.5092955
4.6850595
2.5
4.7693167
4.2566504
5.0
4.847988
4.7830305
4.8163934
4.7862554
2.5
2.5
5.0
4.3659754
4.389077
2.5
5.0
2.5
4.455721
2.5
4.625
4.0
4.583032
4.729632
2.5
2.5
4.5164127
4.6977954
5.0
5.0
4.3846154
4.7488956
4.1930723
4.0
4.215768
4.116753
4.6147046
4.1792126
4.3098702
4.5823026
4.1826286
4.0396156
5.0
4.177214
4.148732
3.885082
2.5
2.5
2.5
2.5
4.4702787
4.4080734
2.5
4.6724644
4.512689
4.357143
4.2191334
4.8541875
4.5912213
4.7499447
4.065911
2.5
4.2827435
4.482094
3.937886
3.7759907
4.4530816
4.57735
3.801007
3.7597528
3.9738433
4.0
5.0
2.5
3.9771893
2.5
2.5
4.661226
2.5
4.5791564
4.7272725
4.440795
4.6674294
3.7330244
3.6572545
2.5
3.5714285
3.8056407
3.630421
4.181818
4.7
2.5
2.5
5.0
5.0
2.5
5.0
2.5
2.5
2.5
2.5
2.5
5.0
4.472171
4.5156155
2.5
2.5
2.5
2.5
3.855899
2.5
2.5
2.5
2.5
5.0
4.760282
4.6
2.5
2.5
2.5
2.5
4.6079216
4.57913
2.5
2.9072187
3.4604957
2.6666667
2.5
2.5
4.7466044
4.352331
2.5
2.5
4.4097986
4.170701
4.413981
3.4121723
3.6674807
3.5240319
3.2243595
3.9727333
3.531113
3.299522
2.5
3.9461677
3.618697
3.7005887
4.047694
3.5232596
2.5
3.4142232
2.5
2.4724748
2.4316864
4.029865
2.5
4.106364
4.5444074
4.343715
4.1666703
4.096488
3.721603
4.053884
4.0630326
2.5
4.263896
2.5
2.5
2.5
2.5
2.5
4.76
2.5
2.5
2.5
4.0
2.5
2.5
2.5
4.6997213
2.5
4.571429
2.5
4.8713803
2.5
2.5
4.0
2.5
4.2792406
2.5
4.8104057
2.5
3.6978061
2.5
2.5
2.5
5.0
2.5
5.0
2.5
4.4666667
2.5
3.4816294
2.5
2.5
2.5
5.0
5.0
4.750528
4.6171527
4.6609116
4.711377
4.742909
4.4538918
4.3557286
2.5
3.6458614
3.589423
4.3614254
4.265487
2.9929333
5.0
2.5
2.5872462
1.9323889
1.4427705
2.5
4.492003
4.639608
2.5
2.5
2.5
4.4014673
4.6631994
5.0
5.0
5.0
2.5
2.9908252
3.3892512
3.4275768
3.0992582
3.7321365
3.87418
4.8309517
3.6234238
3.6499615
4.0432987
4.0689344
4.3195863
4.5
4.5234456
2.5
4.476402
3.5
2.5
3.3877351
4.5439034
4.5763984
3.2560585
3.174072
4.4
4.2636495
4.7706766
4.638917
3.3333333
2.5
4.0790086
2.5
4.3616676
2.5
4.5290074
2.5
2.5
2.5
2.5
4.7052383
3.6576524
4.0
2.5
5.0
2.5
2.5
3.0
2.5
3.875
2.5
2.5
2.5
2.5
2.5
4.167202
5.0
5.0
2.5
2.5
2.5
4.7191534
2.5
2.5
2.5
2.5
2.5
2.5
5.0
2.5
3.9473684
4.3333335
4.0862103
2.5
4.2886333
2.5
2.5
2.5
2.8977625
2.5
3.4655998
3.9387755
2.5
4.11352
2.5
2.5
3.4948533
2.5
2.5
4.0
2.5
4.5
2.5
2.5
2.5
2.5
2.5
2.5
2.5
2.5
4.361041
2.5
2.5
2.5
2.5
2.5
3.7810485
4.1565228
2.5
4.213653
2.5
2.5
2.5
2.5
3.7765183
3.6383939
2.5
2.5
4.0
2.5
2.5
2.5
2.5
2.5
2.5
3.8241038
2.5
2.5
2.5
3.0
2.5
3.7037036
2.5
5.0
3.909091
2.5
3.2
1.586862
3.6
4.5322886
4.5658264
2.5
2.5
4.0
4.3333335
4.285714
5.0
5.0
4.428571
4.4
2.5
2.5
2.5
2.5
2.5
3.7529109
3.7613857
3.7550187
2.5
3.7387962
2.5
2.5
2.5
2.5
2.5
2.5
2.5
4.6004314
4.125
4.1213202
2.5
2.5
2.5
4.428571
2.5
2.5
2.5
2.5
3.5953717
3.3987353
3.6666667
2.5
2.5
2.5
5.0
5.0
4.1218786
3.972616
4.2388864
4.110929
2.5
5.0
2.5
5.0
5.0
2.5
2.5
4.4318767
2.5
2.5
2.5
2.5
2.5
2.5
2.5
2.5
2.5
2.5
2.5
3.6666667
4.5
3.6666667
2.5
4.359935
4.539504
2.5
2.5
2.5
2.5
2.5
2.5
2.5
2.5
2.5
2.5
2.5
2.5
2.5
2.5
2.5
2.5
2.5
3.8356826
2.5
2.5
3.952847
2.5
2.5
2.5
3.0
2.5
4.0
3.4444444
4.1538463
3.3890872
4.3783784
2.5
2.5
2.5
2.5
2.5
4.7205143
2.5
2.5
2.5
2.5
2.5
2.5
2.5
2.5
2.5
2.5
2.5
2.5
2.5
2.5
2.5
2.5
4.3575945
2.5
4.663857
4.2977543
4.470588
4.2580647
5.0
2.5
2.5
2.5
2.5
2.5
4.0271325
2.5
2.5
4.5
4.1476407
2.5
4.0
2.5
2.5
3.5
2.5
2.5
2.5
2.5
2.7777777
3.1580172
2.5
2.5
2.5
2.5
3.3814871
3.0
2.5
4.0
2.5
2.5
2.5
4.0
4.3157897
2.5
4.5
2.5
2.5
2.5
2.5
2.5
3.6
2.5
2.5
2.5
2.5
2.5
4.4857984
2.5
2.5
4.6433206
2.5
4.0
2.5
5.0
5.0
2.5
2.5
2.0
2.5
1.1595985
2.4805062
2.9560013
2.5
2.5
2.5
2.5
2.5
2.5
2.5
2.5
2.5
3.5616937
2.5
2.5
3.711175
2.5
4.0
3.4228356
3.8101664
4.3527374
2.5
4.090909
3.6666667
2.5
2.5
2.5
4.7071066
2.5
2.5
2.5
2.5
2.5
2.5
2.5
3.6584938
4.5811386
2.5
4.2585673
2.5
3.6
2.5
3.355051
2.5
2.5
2.5
2.5
4.5997567
3.0
2.5
3.0
2.5
3.6904566
2.5
2.5
4.2581987
2.5
2.5
2.5
2.5
4.8
2.5
2.5
2.5
2.5
4.0
4.1997952
2.5
2.5
2.5
2.5
2.5
2.5
2.5
2.5
2.5
2.5
3.5555556
2.5
2.5
3.7142856
4.4
2.5
2.5
3.6510847
3.967462
3.9618623
4.3591356
4.3333335
4.651282
5.0
2.5
4.202233
2.5
2.5
2.5
4.6858525
2.5
2.5
2.5
2.5
2.5
2.5
2.5
2.5
2.5
2.5
2.5
2.5
2.5
2.5
2.5
2.5
2.5
2.5
2.5
2.5
3.8
2.5
2.5
2.5
2.5
2.5
2.5
2.5
2.5
4.0
2.5
2.5
2.5
4.0
4.0
2.5
2.5
2.5
4.6070857
2.5
2.5
2.5
5.0
2.5
2.5
2.5
4.4
2.5
2.5
2.5
2.5
2.5
4.655401
2.5
2.5
2.5
4.4
2.5
2.5
2.5
3.2687624
2.5
3.5784514
2.5
2.5
2.5
4.8
4.909091
4.6132703
4.75
2.5
2.5
2.5
2.5
3.0
2.5
5.0
4.65
4.5700407
2.5
2.5
2.5
2.5
2.5
5.0
2.5
2.5
2.5
2.5
2.5
5.0
2.5
2.5
2.5
2.5
2.5
2.5
3.0
3.472136
2.5
2.5
2.5
3.75
2.5
2.5
3.0331762
2.5
2.5
2.5
2.5
2.5
2.5
4.2816496
2.5
4.2173915
4.3435593
2.5
2.5
2.5
2.5
4.254522
2.5
2.5
2.5
2.5
2.5
2.5
2.5
2.5
2.5
2.5
2.5
2.5
2.5
2.5
2.5
2.5
2.5
4.3613014
4.8580165
3.8014114
3.4285715
3.7071068
3.8556154
2.5
4.2581987
2.5
4.0
2.5
2.5
5.0
2.5
2.5
2.5
4.731074
4.539504
5.0
2.5
2.5
2.5
4.8
2.5
4.75
4.578978
4.4347825
3.8965518
2.5
4.10596
4.0
3.5460336
3.0
2.5
2.5
2.5
3.796561
2.5
2.5
4.5
2.5
2.5
2.5
4.0
2.5
4.6396203
4.543201
2.5
4.214286
2.5
2.5
2.9188235
2.5
4.75
5.0
2.5
2.5
2.5
2.5
2.5
2.5
2.5
2.5
4.3198104
2.5
2.5
4.3559966
4.6436067
4.4
2.5
4.3333335
5.0
2.5
2.5
3.142857
4.703173
2.5
2.5
4.553248
5.0
4.568498
2.5
4.574123
2.5
2.5
2.5
2.5
2.5
2.5
4.5555553
3.5
3.689898
2.5
3.8333333
3.9120522
3.9065094
3.80441
3.76
4.5
2.5
2.5
3.732339
4.1014524
4.2
3.4
2.5
2.5
2.5
4.0
2.5
2.5
2.5
3.3617132
4.215549
2.5
5.0
2.5
2.5
2.5
2.5
2.5
2.5
2.5
4.5088162
2.5
2.25
2.5
3.5454545
3.9282033
2.5
2.5
2.5
2.5
2.5
4.0
3.5887916
3.9501314
3.8685021
3.4736843
4.1903872
4.0
2.5
2.5
4.0
2.5
2.5
2.5
2.5
2.5
2.5
2.5
2.5
2.5
2.5
2.5
2.5
2.5
4.3929343
2.5
2.5
2.5
2.5
2.5
2.5
2.5
2.5
2.5
2.5
4.0
2.0
2.5
2.5
2.5
2.5
2.5
2.5
2.5
2.5
2.5
2.5
2.5
4.012521
4.0717316
2.5
2.5
2.5
2.5
2.5
2.5
3.7157288
3.0
2.5
2.5
5.0
4.638209
2.5
4.5951834
2.5
2.5
2.5
4.25
2.5
2.5
2.5
2.5
2.5
2.5
2.5
5.0
5.0
4.428571
5.0
2.5
2.5
2.5
5.0
2.5
5.0
4.539504
2.5
2.5
2.5
2.5
2.5
4.8206463
4.427769
4.8116574
4.5240407
2.5
2.5
2.5
2.5
3.5
2.5
2.5
2.5
2.5
2.5
2.5
2.5
2.5
2.5
2.5
4.6666665
2.5
2.5
2.5
2.5
2.5
3.827213
2.5
2.5
4.688599
2.5
5.0
2.5
5.0
4.5384617
2.5
2.5
2.5
2.5
2.5
2.5
2.5
5.0
5.0
4.8
2.5
5.0
5.0
5.0
2.5
5.0
2.5
2.5
4.709262
2.5
3.5384614
2.5
2.5
2.5
2.5
2.5
2.5
2.5
2.5
2.5
4.5
2.5
5.0
3.6992977
3.090909
2.5
4.0845
3.712235
4.1962085
2.0
3.6461136
4.011855
4.0
4.0
2.5
3.4107475
3.1622777
4.2004275
2.5
4.369398
2.5
2.5
2.5
4.6
2.5
2.5
4.3922024
2.5
2.5
4.25
2.5
2.5
2.5
2.5
2.5
2.5
2.5
2.5
4.6
2.5
2.5
2.5
2.5
1.0
2.5
2.5
2.5
2.5
2.5
2.5
2.5
5.0
5.0
2.5
2.5
2.5
2.5
2.5
4.4
2.5
4.7894735
4.330027
4.6977954
2.5
4.818182
2.5
3.105631
2.5
2.7309344
3.4444444
2.5
2.5
2.5
5.0
2.5
5.0
5.0
2.5
2.5
5.0
2.5
2.5
4.6811757
4.8
2.5
2.5
3.958634
2.5
2.5
2.5
5.0
4.6662574
2.5
2.5
4.131889
2.5
2.5
2.5
5.0
5.0
2.5
2.5
2.5
2.5
2.5
2.5
2.5
2.5
2.5
2.5
2.5
2.5
3.0961633
2.5
2.5
2.5
2.5
2.5
2.5
2.5
2.5
2.5
2.5
2.5
2.5
2.5
2.5
2.5
2.5
4.6
2.5
2.5
2.5
2.5
2.5
2.5
2.5
2.5
2.5
2.5
2.5
2.5
2.5
2.5
4.7573595
2.5
2.5
3.0
2.5
2.5
2.5
2.5
2.5
2.5
2.5
2.5
2.5
5.0
2.5
2.5
2.5
2.5
2.5
2.5
2.5
2.5
2.5
2.5
2.5
2.5
2.5
2.5
4.650968
2.5
2.5
4.464597
4.5272026
5.0
2.5
2.5
2.5
2.5
4.0
2.5
2.5
3.8140578
4.2385206
3.8461537
3.9155412
2.5
2.5
2.5
2.5
2.5
2.5
2.5
2.5
2.5
2.5
2.5
2.5
4.4031434
2.5
2.5
4.2638555
2.5
2.5
2.5
2.5
2.5
2.5
3.0
2.5
2.5
2.5
2.5
2.5
2.5
2.5
2.5
2.5
2.5
2.5
2.5
2.5
2.5
2.5
2.5
2.5
2.5
2.5
2.5
2.5
2.5
2.5
2.5
2.5
2.5
2.5
2.5
2.5
2.5
2.5
2.5
2.5
2.5
2.5
2.5
2.5
2.5
2.5
2.5
2.5
2.5
2.5
2.5
2.5
3.5
2.5
2.5
2.5
2.5
2.5
2.5
2.5
2.5
2.5
2.5
2.5
2.5
2.5
2.5
2.5
2.5
2.5
2.5
2.5
2.5
2.5
2.5
2.5
3.315301
5.0
2.5
2.5
2.5
2.5
3.6
2.5
2.5
2.5
2.5
2.5
2.5
2.5
2.5
2.5
2.5
2.5
2.5
2.5
2.5
2.5
2.5
2.5
2.5
2.5
2.5
2.5
2.5
2.5
2.5
2.5
2.5
2.5
2.5
2.5
2.5
2.5
2.5
4.2
2.5
2.5
2.5
2.5
2.5
2.5
2.5
2.5
5.0
2.5
2.5
2.5
2.5
2.5
2.5
2.5
2.5
2.5
2.5
2.5
2.5
2.5
2.5
2.5
2.5
2.5
2.5
2.5
2.5
4.193125
2.5
2.5
2.5
2.5
2.5
2.5
2.5
2.5
2.5
2.5
2.5
2.5
2.5
2.5
2.5
2.5
2.5
2.5
2.5
2.5
2.5
2.5
2.5
2.5
2.5
2.5
2.5
4.0105677
4.307866
3.843688
2.5
4.369398
4.374384
4.2525816
2.5
2.752363
4.5
5.0
4.619171
4.3333335
2.5
4.67339
2.5
2.5
4.455061
2.5
2.5
4.6
2.5
2.5
2.5
4.0
2.5
2.0
2.5
2.5
2.5
2.5
2.5
2.5
2.5
4.4199057
4.515699
4.5333333
2.5
2.5
2.5
5.0
2.5
2.5
2.5
2.5
2.5
2.6048784
2.8181818
2.5
2.5
2.5
2.5
3.3333333
2.5
2.5
4.0
5.0
3.5458596
2.5
2.5
2.5
2.5
5.0
2.5
5.0
5.0
2.5
3.6666667
2.5
2.5
2.5
2.5
2.5
2.5
2.5
2.5
2.5
2.5
2.5
2.5
2.5
2.5
2.5
2.5
2.5
2.5
2.5
2.5
2.5
2.5
2.5
2.5
2.5
2.5
2.5
2.5
2.5
2.5
2.5
2.5
2.5
2.5
2.5
2.5
3.61467
2.5
2.5
4.5
2.5
2.5
2.5
2.5
2.5
2.5
2.5
2.5
2.5
2.5
2.5
2.5
2.5
4.2
2.5
2.5
3.6
2.5
2.5
2.5
2.5
2.5
2.5
2.5
2.5
4.857143
4.205719
2.5
2.5
2.5
2.5
2.5
5.0
2.5
2.5
2.5
4.6754446
5.0
2.5
5.0
4.6
2.5
4.4701777
5.0
2.5
4.714286
4.5
3.9983447
3.9212296
3.741922
4.6520567
4.3031216
2.5
2.5
2.5
2.5
2.5
4.494745
2.5
2.5
2.5
2.5
2.5
2.5
5.0
2.5
2.5
2.5
2.5
2.5
4.55053
4.3978086
2.5
2.5
5.0
4.7
2.5
4.023062
4.0080476
4.021178
4.1715727
2.5
2.5
2.5
2.5
2.5
2.5
5.0
4.760282
2.5
4.2131023
2.5
5.0
5.0
2.5
4.4365726
4.090909
4.0
2.5
2.5
2.5
2.5
4.0
4.318182
5.0
4.35044
4.3324676
2.5
4.369064
2.5
4.0760546
4.4197245
5.0
2.5
3.6365783
2.5
2.5
2.5
4.441564
4.313373
4.4461937
3.7755094
3.5
3.7669225
4.3512425
2.5
3.3911486
4.0543084
2.5
3.4944708
3.5707207
2.5
4.813272
4.6373343
2.5
4.882353
3.3348653
3.9314373
4.1056285
4.435453
2.5
2.5
2.5
2.5
5.0
4.2909846
4.1634827
5.0
4.4734573
4.845167
2.5
5.0
2.5
3.9568498
3.8461537
3.7122679
3.0
3.734553
5.0
4.428571
2.5
4.3333335
4.3876934
5.0
4.3535533
5.0
5.0
2.5
2.5
2.5
5.0
2.5
2.5
4.5857863
4.877787
4.698793
4.75
2.5
4.687056
2.5
2.5
2.5
2.5
2.5
2.5
2.5
2.5
4.6
2.5
2.5
4.3033
5.0
4.207665
3.0231411
4.700589
4.723174
4.633452
2.5
2.5
5.0
2.5
2.5
2.5
4.0372353
2.5
4.3733416
2.5
2.5
2.5
2.5
2.5
2.5
2.5
2.5
2.5
2.5
2.5
2.5
4.2830987
4.066813
4.022752
4.022752
2.5
2.5
2.5
2.5
2.5
2.5
2.5
2.5
2.5
4.0
4.0
2.5
3.2
2.5
2.5
2.5
3.9669836
3.9258535
3.873727
3.9738042
2.5
2.5
2.5
2.5
2.5
2.5
4.0224557
4.0655785
4.0
2.5
4.3293734
4.372957
2.5
2.5
4.1659455
2.5
4.3382373
2.5
4.3333335
2.5
4.42265
4.0
4.1972094
2.7936165
2.6913426
3.954451
3.9354227
2.5
2.5
4.154906
4.539305
2.5
2.5
2.5
2.5
2.5
2.5
2.5
2.5
2.5
2.5
5.0
5.0
2.5
3.5
4.28828
2.5
4.7274914
4.644949
3.643432
2.5
2.5
4.5
2.5
4.0
2.5
2.5
4.7928934
4.0
4.318182
3.440927
2.5
2.5
4.822692
4.522318
2.5
2.5
2.5
2.5
3.9468026
2.5
2.5
2.5
4.0
2.5
2.5
4.4759593
2.5
2.5
2.5
2.5
2.5
2.5
2.5
2.5
2.5
2.5
2.5
4.6173835
2.0156028
2.0271087
2.5
5.0
5.0
4.60684
2.5
2.5
2.5
2.5
2.5
4.899705
3.369398
2.5
2.5
2.5
2.5
2.5
2.5
2.5
2.5
4.0
2.5
2.5
2.5
2.5
2.5
2.5
4.4882674
4.5789475
4.7233796
3.817256
5.0
4.1874785
4.7970624
4.760282
5.0
4.57495
4.44
5.0
2.5
2.5
4.5
2.5
2.5
2.5
4.605942
2.5
2.5
2.5
2.5
2.5
2.5
2.5
2.5
2.5
2.5
2.5
2.5
2.5
2.5
2.5
2.5
5.0
2.5
2.5
2.5
2.5
2.5
2.5
2.5
4.539504
3.193713
2.5
2.5
2.5
2.5
5.0
2.5
2.5
2.5
2.5
2.5
5.0
2.5
4.3464584
2.5
4.344599
2.5
4.5143313
2.5
4.516129
3.5528452
2.5
3.75
2.5
2.5
2.5
2.5
2.5
2.5
4.8572736
5.0
2.5
2.5
2.5
5.0
5.0
2.5
2.5
3.9500937
2.5
2.5
2.5
2.5
2.5
2.5
2.5
2.5
2.5
2.5
2.5
2.5
2.5
2.5
5.0
5.0
2.5
2.5
2.5
2.5
3.2010534
2.5
2.5
2.5
5.0
2.5
2.5
2.5
2.5
2.5
2.5
2.5
2.5
2.5
2.5
5.0
2.5
2.5
2.5
2.5
2.5
2.5
2.5
2.5
2.5
2.5
2.5
4.0
4.549501
4.8423495
2.5
2.5
2.5
2.5
5.0
2.5
2.5
2.5
2.5
2.5
2.5
2.5
2.5
2.5
2.5
2.5
2.5
2.5
2.5
2.5
2.5
2.5
4.75
2.5
2.5
4.745974
2.5
2.5
2.5
2.5
2.5
2.5
4.25
2.5
2.5
2.5
2.5
2.5
2.5
5.0
5.0
5.0
2.5
2.5
2.5
2.5
2.5
2.5
2.5
4.3717084
2.5
5.0
2.5
2.5
2.5
2.5
2.5
2.5
2.5
2.5
2.5
2.5
2.5
2.5
2.5
2.5
2.5
2.5
5.0
2.5
2.5
2.5
5.0
2.5
2.5
2.5
2.5
2.5
2.5
4.321835
4.1783266
2.5
2.5
2.5
2.5
2.5
2.5
2.5
2.5
2.5
2.5
2.5
2.5
3.0
2.5
2.5
2.5
2.5
2.5
2.5
2.5
2.5
2.5
2.5
2.5
2.5
2.5
4.0
4.6
2.5
2.5
2.5
2.5
2.5
2.5
2.5
2.5
2.5
2.5
2.5
2.5
2.5
2.5
3.9468026
2.5
2.5
2.5
2.5
2.5
2.5
2.5
2.5
2.5
2.5
2.5
4.4805307
4.3137083
2.5
2.5
2.5
4.291388
2.5
2.5
2.5
2.5
2.5
2.5
2.5
2.5
2.5
2.5
2.5
2.5
2.5
2.5
2.5
2.5
2.5
2.5
2.5
2.5
2.5
2.5
4.0
2.5
2.5
2.5
2.5
2.5
2.5
2.5
2.5
2.5
2.5
2.5
2.5
2.5
2.5
2.5
4.4
2.5
2.5
5.0
4.5992136
2.5
2.5
2.5
2.5
2.5
2.5
2.5
2.5
2.5
2.5
2.5
2.5
2.5
2.5
2.5
2.5
2.5
4.627907
2.8181818
3.4949846
2.5
2.5
2.5
2.5
2.5
2.5
2.5
2.5
2.5
2.5
2.5
2.5
2.5
2.5
2.5
2.5
2.5
2.5
2.5
2.5
2.5
2.5
2.5
3.8795624
2.5
2.5
2.5
2.5
4.909091
2.5
2.5
2.5
2.5
2.5
2.5
2.5
2.5
2.5
2.5
2.5
2.5
2.5
3.8
3.9655173
2.5
2.5
2.5
2.5
2.5
4.5
4.5
2.5
2.5
2.5
2.5
2.5
2.5
2.5
2.5
3.8200357
3.6842105
2.5
3.6477704
3.7740576
2.5
2.5
5.0
2.5
2.5
2.5
2.5
2.5
2.5
3.25
2.5
4.5355783
4.75
4.4
2.5
2.5
2.5
2.5
2.5
2.5
4.0
2.5
5.0
2.5
2.5
2.5
2.5
4.0
2.5
2.5
2.5
2.5
2.5
4.2
4.285714
4.5
2.5
2.5
2.5
2.5
2.5
2.5
2.5
2.5
2.5
2.5
2.5
2.5
2.5
2.5
2.5
2.5
2.5
2.5
2.5
2.5
2.5
2.5
2.5
2.5
2.5
2.5
2.5
2.5
2.5
2.5
2.5
2.5
2.5
2.5
3.86204
2.5
2.5
2.5
2.5
2.5
2.5
2.5
2.5
2.5
2.5
2.5
2.5
2.5
2.5
2.5
2.5
2.5
2.5
2.5
4.5
2.5
2.5
3.5491934
2.5
2.5
3.473551
2.5
2.5
2.5
2.5
2.5
2.5
2.5
2.5
2.5
2.5
2.5
2.5
4.0
2.5
4.0
2.5
2.5
2.5
2.5
2.5
5.0
5.0
5.0
5.0
5.0
2.5
2.5
2.5
2.5
2.5
2.5
2.5
2.5
2.5
2.5
3.0790086
2.5
2.5
2.5
2.5
2.4637582
2.6645849
4.2390356
4.2180185
4.6467924
4.0
2.5
2.5
2.5
3.8333333
3.5
4.5
2.5
2.5
2.5
2.5
2.5
2.5
4.0
2.5
2.5
4.5
3.6258514
3.8
2.5
2.5
2.5
2.5
2.5
2.5
2.5
2.5
2.5
5.0
4.75
2.5
2.5
2.5
2.5
2.5
2.5
2.5
2.5
2.5
2.5
2.5
5.0
2.5
2.5
2.5
2.5
2.5
2.5
2.5
2.5
5.0
4.648133
2.5
2.5
2.5
2.5
2.5
4.188155
2.5
2.5
2.5
2.5
2.5
2.5
2.5
2.5
2.5
2.5
2.5
2.5
2.5
2.5
2.5
2.5
2.5
2.5
2.5
2.5
2.5
2.5
2.5
2.5
2.5
2.5
2.5
2.5
2.5
2.5
2.5
2.5
2.5
2.5
2.5
2.5
2.5
2.5
2.5
2.5
2.5
2.5
2.5
2.5
2.5
2.5
2.5
2.5
2.5
4.267674
3.9414318
2.5
2.5
2.5
2.5
2.5
2.5
2.5
2.5
2.5
2.5
2.5
4.5882354
5.0
2.5
2.5
2.5
2.5
2.5
2.5
2.5
2.5
2.5
2.5
5.0
2.5
2.5
2.5
2.5
2.5
2.5
4.5
2.5
2.5
2.5
2.5
2.5
2.415251
3.4714956
3.0
3.0685756
2.5
2.5
2.5
2.5
2.5
2.5
3.0
2.5
2.5
2.5
2.5
2.5
2.5
2.5
2.5
2.5
2.5
2.5
2.5
2.5
2.5
2.5
4.0691338
4.139551
4.4534273
4.0
2.5
3.387426
5.0
2.5
3.9394686
4.031167
4.242462
3.7272727
2.5
4.320227
4.4015574
3.0143347
3.0548294
2.5
1.4748238
2.5
3.4423492
4.388959
4.4441247
2.5
4.023719
2.5
2.5
2.5
4.260945
2.5
3.2349474
3.1038475
4.3333335
3.523791
2.940475
4.6666665
2.5
5.0
2.5
5.0
3.952996
3.5001252
3.0714285
4.6666665
3.949529
3.860202
3.8573363
4.109083
4.336783
2.5
2.5
2.5584815
2.5
2.5
2.5
2.5
2.5
2.5
3.4643462
3.4860997
3.5294118
2.5
2.5
5.0
3.6666667
2.5
3.7987225
2.5
3.7573593
4.306575
4.335681
4.0
2.5
2.5
4.5633965
4.4414186
2.5
2.5
2.5
4.60685
3.0
2.5
4.0
3.8462365
4.9121966
2.5
2.5
5.0
5.0
2.5
2.5
2.5
2.5
2.5
2.5
2.5
2.5
2.5
3.4906316
3.883493
2.5
2.5
2.5
4.4148636
4.4
4.4709926
4.4867516
4.3333335
2.5
3.9436214
2.5
3.674984
3.9966688
3.6881266
3.3041131
4.458548
4.57035
4.5
5.0
2.5
2.5
4.236068
2.5
2.5
2.5
4.0
2.5
2.5
2.5
2.5
2.5
5.0
5.0
3.612574
2.5
2.5
2.5
2.5
2.5
3.5438757
2.8
3.330013
3.4538243
3.4728003
2.6114902
2.5
2.5
4.5118623
2.5
1.0
2.5
4.5847683
2.5
2.7235427
4.016928
2.5
3.0
5.0
2.5
2.5
2.5
5.0
4.528846
4.8366365
4.8247824
3.5686595
4.3420844
2.5
2.5
2.5
2.0
2.0
3.887345
4.428571
3.25
3.970118
2.5
2.5
2.5
4.5
4.444296
4.5595083
4.668947
2.5
4.5828886
2.5
3.3981671
4.7490516
2.1306822
2.5
2.5354452
2.4879065
2.5
2.5
2.5
3.8677275
4.614426
4.3132005
2.5
2.5
2.5
2.5
2.5
2.5
2.5
2.5
5.0
5.0
2.5
5.0
4.5
3.4294744
2.5
2.5
2.5
2.5
2.5
2.5
2.5
2.5
2.5
4.5269647
4.5
4.6666665
4.566915
2.5
2.5
2.5
2.5
4.1232104
4.6666665
4.2356877
4.1984267
2.4565713
2.5
2.5
4.181818
5.0
4.7257304
2.5
2.5
2.5
2.5
2.5
2.5
2.5
2.5
3.6289375
3.2612977
3.7502823
4.6363635
2.5
2.5
2.5
2.5
2.5
2.5
3.0
2.5
2.5
4.5
2.5
2.5
2.5
2.5
2.5
3.6602335
3.5733
3.6018958
2.5
4.3660254
2.5
2.5
4.5130563
2.5
2.5
2.5
2.5
2.5
4.4
4.450131
2.5
2.5
5.0
2.5
2.5
4.649166
4.6
2.5
5.0
2.5
5.0
5.0
4.5183406
4.2821493
2.5
2.5
2.5
2.5
2.5
3.956247
3.8672955
4.5
2.5
4.5023484
2.5
2.5
3.596125
3.5977635
4.3868613
2.5
2.5
2.5
4.3946657
4.1313987
2.5
2.5
2.5
2.5
2.5
2.5
2.5
2.5
2.5
4.0
2.5
4.293646
4.773459
4.685138
2.5
4.5723815
4.6666665
4.6156244
4.460496
4.764366
4.2038817
2.5
2.5
2.5
2.5
2.5
2.5
2.5
5.0
2.5
2.5
2.5
2.5
3.2
2.5
3.5857863
2.5
2.5
2.5
2.5
2.5
2.5
2.5
3.65877
2.5
2.5
2.5
4.4706526
2.5
2.5
2.5
5.0
2.5
2.5
5.0
2.5
4.5
5.0
2.5
2.5
4.5298533
4.956732
5.0
5.0
4.7229514
4.9450574
2.5
2.5
4.203311
5.0
2.5
3.6875
3.2232182
3.4145787
3.2424197
2.5
3.7777057
2.5
2.5
2.5
2.5
2.5
3.581195
2.5
5.0
1.0
2.5
4.689898
2.5
4.3937783
3.2895806
2.5
2.863203
2.686184
2.7938871
2.7670484
2.5
4.1425295
4.0
3.8032954
2.5
3.6079216
4.6095986
4.7263923
5.0
2.5
4.3668494
2.5
2.5
2.5
3.699799
4.5
4.0
2.5
3.7105105
2.5
3.7709446
4.760282
4.670268
4.69195
2.5
3.875
4.5327787
2.5
2.5
2.5
2.5
2.5
2.5
2.5
2.5
2.5
2.5
2.5
4.6
2.5
4.0192814
2.5
4.5
2.5
3.2936609
2.5
5.0
2.5
2.5
2.5
2.5
2.5
5.0
2.5
2.5
2.5
3.5183992
2.5
2.5
2.5
2.5
2.5
2.5
2.5
2.5
2.5
2.5
2.5
2.5
2.5
2.5
4.5
2.5
2.5
5.0
2.5
2.5
5.0
5.0
2.5
4.5
4.5634274
2.5
2.5
2.5
2.5
2.5
2.5
4.8
4.837312
4.0
2.5
2.5
4.0
2.5
2.5
4.6118402
4.5
2.5
2.0
2.5
2.5
2.5
2.5
2.5
2.5
2.5
2.5
4.0
3.7809782
2.5
2.5
2.5
2.5
2.5
4.0
2.5
4.4
2.5
3.412184
2.5
2.5
2.5
2.5
4.399147
4.224745
2.5
2.5
4.315301
4.1666665
3.9277081
2.5
2.5
3.5895739
2.5
2.5
2.5
2.5
2.5
2.5
2.5
2.5
2.5
2.5
2.5
2.5
4.0717764
2.5
2.5
2.5
3.3814871
2.5
2.5
3.6666667
2.5
2.5
3.9806159
2.5
2.5
2.5
2.5
2.5
2.5
2.5
2.5
2.5
2.5
2.5
2.5
4.5
4.1633635
4.0
2.5
2.5
2.5
2.5
2.5
2.5
2.5
2.5
2.5
2.5
2.5
2.5
2.5
2.5
2.5
4.785714
2.5
4.714286
2.5
2.5
2.5
2.5
2.5
2.5
4.0
2.5
2.5
5.0
2.5
2.5
2.5
2.5
2.5
2.5
2.5
2.5
2.5
2.5
2.5
2.5
2.5
2.5
2.5
2.5
2.5
4.571429
4.8333335
4.7008805
2.5
3.6
2.5
2.5
2.5
4.0
2.5
2.5
2.5
2.5
2.5
2.5
2.5
2.5
2.5
2.5
2.5
2.5
2.5
2.5
2.5
2.5
2.5
2.5
2.5
2.5
2.5
2.5
2.5
2.5
5.0
2.5
2.5
2.5
4.340621
2.5
4.4701643
2.5
2.5
2.5
2.5
2.5
2.5
4.3856916
2.5
2.5
2.5
3.524041
2.5
4.5298357
2.5
2.5
2.5
2.5
2.5
2.5
2.5
2.5
2.5
2.5
4.2727275
2.5
2.5
2.5
2.5
2.5
2.5
2.5
2.5
2.5
4.6094756
2.5
2.5
2.5
2.5
2.5
2.5
2.5
2.5
2.5
2.5
2.5
2.5
2.5
2.5
2.5
4.6153846
4.4
2.5
2.5
2.5
2.5
2.5
5.0
2.5
2.5
2.5
2.5
2.5
2.5
2.5
2.5
2.5
2.75
2.5
4.4
4.630602
2.5
2.5
2.5
2.5
2.5
2.5
2.5
2.5
2.5
2.5
2.5
2.5
2.5
2.5
2.5
2.5
2.5
2.5
2.5
2.5
2.5
2.5
2.5
2.5
4.3308477
2.5
2.5
2.5
2.5
2.5
2.5
2.5
2.5
3.5
3.8360138
2.5
2.5
2.5
2.5
2.5
2.5
2.5
2.6407545
2.5
2.5
2.5
2.5
2.5
2.5
2.5
2.5
2.5
2.5
2.5
2.5
2.5
4.0
2.5
2.5
2.5
2.5
2.5
2.5
2.5
2.5
2.5
2.5
2.5
2.5
2.5
2.5
2.5
2.5
2.5
2.2991195
2.5
2.5
2.5
2.5
2.5
2.5
2.5
2.5
2.5
4.5
2.5
2.5
2.5
4.360392
2.5
2.5
2.5
2.5
2.5
2.5
2.5
2.5
2.5
2.5
2.5
4.0
2.5
2.5
4.8333335
4.7625513
2.5
2.5
2.5
2.5
2.9379103
2.5
2.5
2.5
2.5
2.5
3.857143
2.5
2.5
4.4968867
4.494414
2.5
2.5
4.5
3.0
3.0
2.5
2.5
2.5
2.5
2.5
2.5
5.0
2.5
2.5
2.5
2.5
2.5
2.5
2.5
2.5
2.5
2.5
2.5
2.5
2.5
2.5
2.5
2.5
2.5
2.5
2.5
2.5
2.5
2.5
2.5
4.609902
2.5
2.5
2.5
3.6754446
4.384568
4.418803
2.5
2.5
2.5
2.5
2.5
2.5
2.5
2.5
2.5
2.5
2.5
2.5
2.5
2.5
2.5
2.5
2.5
4.6
3.6666667
4.5186176
2.5
2.5
3.75
4.25
2.5
5.0
2.5
2.5
2.5
2.458036
4.4813824
2.5
2.5
2.5
5.0
5.0
4.0
2.5
2.5
2.5
2.5
2.5
2.5
2.5
4.582904
2.5
2.5
2.5
2.5
2.5
5.0
2.5
2.5
1.7276372
2.5
2.5
2.5
2.5
2.5
2.5
2.5
2.5
2.5
2.5
5.0
2.5
2.5
2.5
4.4788346
5.0
2.5
2.5
2.5
2.5
2.5
2.5
2.5
2.5
2.5
2.5
2.5
2.5
2.5
2.5
2.5
2.5
2.5
2.5
5.0
5.0
4.0
4.0
2.5
2.5
2.5
2.5
2.5
2.5
2.5
4.5
3.7478077
2.5
2.5
2.538226
5.0
5.0
5.0
2.5
2.5
2.5
2.5
2.5
2.5
2.5
2.5
2.5
2.5
2.5
2.5
2.5
2.5
5.0
2.5
2.5
2.5
2.5
2.5
2.5
2.7089338
2.5
2.5
2.5
2.5
2.5
4.760282
2.5
5.0
2.5
2.5
2.5
2.5
2.5
2.5
2.5
2.5
2.5
2.5
2.5
2.5
2.5
2.5
2.5
2.5
2.5
2.5
4.6
2.5
2.5
2.5
2.5
2.5
2.5
2.5
2.5
2.5
4.2
2.5
2.5
3.903023
3.4117646
3.5402918
2.5
2.5
2.5
2.5
2.5
4.25
4.516398
4.4
2.5
2.5
2.5
2.5
2.5
2.5
2.5
2.5
2.5
2.5
2.5
2.5
2.5
2.5
2.5
2.5
2.5
2.5
4.369398
2.5
2.5
2.5
2.5
2.5
2.5
5.0
4.517059
2.5
2.5
2.5
2.5
2.5
2.5
2.5
2.5
2.5
2.5
2.5
2.5
2.5
2.5
2.5
2.5
2.5
2.5
2.5
2.5
2.5
2.5
2.5
2.5
2.5
4.3333335
5.0
2.5
2.5
2.5
2.5
2.5
2.5
2.5
2.5
2.5
2.5
2.5
2.5
2.5
2.5
2.5
2.5
2.5
2.5
2.5
2.5
2.5
2.5
2.5
2.5
2.5
2.5
2.5
2.5
2.5
2.5
2.5
2.5
2.5
2.5
2.5
2.5
5.0
3.0
4.4
2.5
2.5
2.5
2.5
2.5
2.5
2.5
2.5
2.5
2.5
2.5
2.5
2.5
2.5
2.5
2.5
2.5
2.5
3.4
2.5
2.5
2.5
2.5
2.5
2.5
2.5
2.5
2.5
2.5
2.5
2.5
2.5
2.5
2.5
4.651085
2.5
2.5
2.5
2.5
2.5
2.5
2.5
2.5
2.5
2.5
2.5
2.5
2.5
2.5
2.5
2.5
2.5
2.5
2.5
2.5
2.5
2.5
2.5
2.5
2.5
2.5
2.5
2.5
2.5
2.5
2.5
2.5
2.5
2.5
2.5
2.5
2.5
2.5
2.5
2.5
2.5
2.5
2.5
4.662291
2.5
2.5
2.5
2.5
2.5
5.0
2.5
2.5
2.5
2.5
2.5
2.5
2.5
2.5
5.0
5.0
2.5
2.5
2.5
2.5
2.5
2.5
5.0
5.0
2.5
2.5
2.5
2.5
2.5
5.0
2.5
2.5
3.4641118
2.5
2.5
2.5
2.5
2.5
2.5
2.5
2.5
2.5
2.5
2.5
2.5
2.5
2.5
2.5
2.5
2.5
2.5
2.5
2.5
2.5
2.5
2.5
2.5
2.5
2.5
2.5
2.5
2.5
2.5
2.5
2.5
2.5
2.5
2.5
2.5
4.6666665
2.5
2.5
2.5
4.6
2.5
4.0
2.5
2.5
2.5
2.5
2.5
2.5
2.5
2.5
2.5
2.5
2.5
2.5
2.5
2.5
2.5
2.5
2.5
2.5
2.5
2.5
2.5
2.5
2.5
2.5
2.5
2.5
2.5
2.5
2.5
2.5
2.5
2.5
2.5
2.5
2.5
2.5
2.5
2.5
2.5
2.5
2.5
2.5
2.5
2.5
2.5
2.5
2.5
2.5
2.5
2.5
2.5
2.5
2.5
2.5
2.5
2.5
2.5
2.5
2.5
2.5
2.5
2.5
2.5
2.5
2.5
2.5
2.5
2.5
2.5
2.5
2.5
2.5
2.5
2.5
2.5
2.5
2.5
2.5
2.5
2.5
2.5
2.5
2.5
2.5
2.5
2.5
2.5
2.5
2.5
2.5
2.5
2.5
2.5
2.5
2.5
2.5
2.5
2.5
2.5
2.5
2.5
2.5
2.5
2.5
2.5
2.5
2.5
2.5
2.5
2.5
2.5
5.0
2.5
2.5
2.5
2.5
2.5
2.5
2.5
2.5
2.5
2.5
2.5
2.5
2.5
2.5
2.5
2.5
2.5
2.5
3.0
2.5
2.5
2.5
2.5
2.5
2.7691798
2.5
4.7480154
2.5
4.5
2.5
2.5
2.5
2.5
2.5
2.5
2.5
2.5
2.5
2.5
2.5
2.5
2.5
3.4444444
3.4
3.3790648
2.5
3.4
2.5
4.649796
2.5
2.5
2.5
2.5
2.5
2.5
2.5
2.5
2.5
2.5
2.5
2.5
2.5
2.5
2.5
4.5
2.5
2.5
2.5
2.5
3.0
2.5
2.5
2.5
2.5
2.5
2.5
2.5
2.5
2.5
2.5
2.5
2.5
2.5
2.5
2.5
4.4883475
4.0
2.5
2.5
2.5
2.5
5.0
2.5
1.0
2.5
2.5
2.5
2.5
2.5
2.5
2.5
2.5
2.5
2.5
2.5
2.5
2.5
4.6018863
2.5
2.5
2.5
2.5
2.5
2.5
2.5
2.5
2.5
2.5
2.5
2.5
2.5
2.5
2.5
2.5
2.5
2.5
2.5
2.5
2.5
2.5
2.5
2.5
2.5
2.5
2.5
2.5
2.5
2.5
3.6
2.5
2.5
2.5
2.5
2.5
2.5
2.5
2.5
2.5
2.5
2.5
2.5
4.0
2.5
2.5
2.5
2.5
2.5
2.5
3.0
2.5
4.2953377
2.5
2.5
2.5
2.5
2.5
2.5
2.5
2.5
2.5
2.5
2.5
2.5
2.5
2.5
2.5
2.5
2.5
2.5
2.5
2.5
2.5
2.5
2.5
2.5
2.5
2.5
2.5
4.6769447
2.5
2.5
2.5
2.5
2.5
2.5
2.5
2.5
2.5
2.5
2.5
2.5
2.5
2.5
2.5
2.5
2.5
2.5
2.5
2.5
2.5
2.5
2.5
2.5
2.5
2.5
2.5
2.5
2.5
3.0498447
2.1268547
2.5
2.5
5.0
3.8421052
2.5
2.5
2.5
2.5
2.5
2.5
2.5
2.5
2.5
2.5
2.5
2.5
2.5
2.5
2.5
2.5
2.5
2.5
2.5
2.5
2.5
2.5
2.5
2.5
2.5
